DONKEY Clustering
Number of datapoints: 150
Number of features:   3
Periodic features:    []

1. Covariance Optimisation
Convergence threshold: 1e-08

Initial guess
[[1. 0. 0.]
 [0. 1. 0.]
 [0. 0. 1.]]
Iteration 1
Error: 2.709638064717546
[[ 1.55367066e-01 -3.97255339e-04  1.60385554e-04]
 [-3.97255339e-04  6.60764239e-02  5.90141477e-05]
 [ 1.60385554e-04  5.90141477e-05  7.01517550e-02]]
Iteration 2
Error: 0.13555752203051388
[[0.08423677 0.00133573 0.00020495]
 [0.00133573 0.03745863 0.00048552]
 [0.00020495 0.00048552 0.03875046]]
Iteration 3
Error: 0.06543040487210883
[[0.04660815 0.00374091 0.00032363]
 [0.00374091 0.02697718 0.00072199]
 [0.00032363 0.00072199 0.02695076]]
Iteration 4
Error: 0.04087377099132655
[[0.02205586 0.00555677 0.0006606 ]
 [0.00555677 0.02139186 0.00079292]
 [0.0006606  0.00079292 0.02066213]]
Iteration 5
Error: 0.01911454696534801
[[0.01039591 0.00556916 0.00078894]
 [0.00556916 0.018079   0.00081779]
 [0.00078894 0.00081779 0.01685158]]
Iteration 6
Error: 0.011465125347412931
[[0.00608096 0.00461507 0.00052428]
 [0.00461507 0.01587391 0.00080966]
 [0.00052428 0.00080966 0.01436028]]
Iteration 7
Error: 0.007285111238709912
[[0.00407267 0.00380505 0.00033142]
 [0.00380505 0.01431572 0.00079424]
 [0.00033142 0.00079424 0.01267822]]
Iteration 8
Error: 0.004632233373523221
[[0.00302497 0.00322033 0.00025637]
 [0.00322033 0.01322591 0.00080613]
 [0.00025637 0.00080613 0.01152679]]
Iteration 9
Error: 0.0030582502638449014
[[0.00243443 0.00280411 0.00025022]
 [0.00280411 0.01248298 0.00084394]
 [0.00025022 0.00084394 0.01072238]]
Iteration 10
Error: 0.0021709386013902985
[[0.0020803  0.00250551 0.00027786]
 [0.00250551 0.01199799 0.00089748]
 [0.00027786 0.00089748 0.01015014]]
Iteration 11
Error: 0.0015797406607143294
[[0.00185614 0.00228681 0.00032099]
 [0.00228681 0.01169952 0.00095646]
 [0.00032099 0.00095646 0.00973464]]
Iteration 12
Error: 0.0011710659965335059
[[0.00170703 0.00212187 0.00037037]
 [0.00212187 0.01153105 0.00101372]
 [0.00037037 0.00101372 0.00942429]]
Iteration 13
Error: 0.0008866716801609984
[[0.0016032  0.00199348 0.00042117]
 [0.00199348 0.01145021 0.00106543]
 [0.00042117 0.00106543 0.00918412]]
Iteration 14
Error: 0.0006867527502335976
[[0.0015278  0.00189057 0.00047084]
 [0.00189057 0.01142652 0.00111012]
 [0.00047084 0.00111012 0.00899098]]
Iteration 15
Error: 0.0005685267267987883
[[0.00147096 0.00180608 0.000518  ]
 [0.00180608 0.01143864 0.00114777]
 [0.000518   0.00114777 0.00883   ]]
Iteration 16
Error: 0.0005075968481458456
[[0.00142671 0.00173548 0.00056199]
 [0.00173548 0.0114719  0.00117909]
 [0.00056199 0.00117909 0.00869174]]
Iteration 17
Error: 0.0004539234019489734
[[0.00139136 0.00167576 0.00060255]
 [0.00167576 0.01151646 0.0012051 ]
 [0.00060255 0.0012051  0.00857033]]
Iteration 18
Error: 0.0004060213865395082
[[0.00136254 0.00162485 0.00063968]
 [0.00162485 0.01156585 0.00122684]
 [0.00063968 0.00122684 0.00846206]]
Iteration 19
Error: 0.0003630239953565711
[[0.0013387  0.00158127 0.00067348]
 [0.00158127 0.01161603 0.00124523]
 [0.00067348 0.00124523 0.0083646 ]]
Iteration 20
Error: 0.0003243709873759289
[[0.00131879 0.00154387 0.00070415]
 [0.00154387 0.01166457 0.00126101]
 [0.00070415 0.00126101 0.00827637]]
Iteration 21
Error: 0.00028964465431860573
[[0.00130205 0.00151174 0.0007319 ]
 [0.00151174 0.01171013 0.00127477]
 [0.0007319  0.00127477 0.00819629]]
Iteration 22
Error: 0.0002584907017185653
[[0.00128792 0.00148415 0.00075696]
 [0.00148415 0.01175207 0.00128692]
 [0.00075696 0.00128692 0.00812351]]
Iteration 23
Error: 0.00023058502628603276
[[0.00127596 0.00146045 0.00077956]
 [0.00146045 0.01179022 0.0012978 ]
 [0.00077956 0.0012978  0.00805736]]
Iteration 24
Error: 0.00020562295735372638
[[0.00126584 0.00144011 0.0007999 ]
 [0.00144011 0.01182463 0.0013076 ]
 [0.0007999  0.0013076  0.00799725]]
Iteration 25
Error: 0.00018331788737193907
[[0.00125727 0.00142266 0.00081819]
 [0.00142266 0.01185552 0.00131649]
 [0.00081819 0.00131649 0.00794265]]
Iteration 26
Error: 0.00016340272692497724
[[0.00125002 0.00140769 0.00083461]
 [0.00140769 0.01188315 0.00132459]
 [0.00083461 0.00132459 0.00789309]]
Iteration 27
Error: 0.0001456313652278187
[[0.00124389 0.00139487 0.00084934]
 [0.00139487 0.01190783 0.00133197]
 [0.00084934 0.00133197 0.00784812]]
Iteration 28
Error: 0.0001297792441571034
[[0.00123872 0.00138389 0.00086253]
 [0.00138389 0.01192985 0.0013387 ]
 [0.00086253 0.0013387  0.00780734]]
Iteration 29
Error: 0.00011564300676606613
[[0.00123436 0.0013745  0.00087434]
 [0.0013745  0.0119495  0.00134483]
 [0.00087434 0.00134483 0.00777037]]
Iteration 30
Error: 0.00010303947014388181
[[0.00123069 0.00136646 0.00088489]
 [0.00136646 0.01196705 0.0013504 ]
 [0.00088489 0.0013504  0.00773687]]
Iteration 31
Error: 9.18042052862689e-05
[[0.0012276  0.0013596  0.00089431]
 [0.0013596  0.01198271 0.00135546]
 [0.00089431 0.00135546 0.00770651]]
Iteration 32
Error: 8.178994751768397e-05
[[0.00122501 0.00135373 0.00090272]
 [0.00135373 0.01199671 0.00136004]
 [0.00090272 0.00136004 0.007679  ]]
Iteration 33
Error: 7.286498602848798e-05
[[0.00122284 0.00134873 0.00091021]
 [0.00134873 0.01200923 0.00136417]
 [0.00091021 0.00136417 0.00765408]]
Iteration 34
Error: 6.491161884869491e-05
[[0.00122103 0.00134446 0.00091689]
 [0.00134446 0.01202043 0.00136789]
 [0.00091689 0.00136789 0.00763151]]
Iteration 35
Error: 5.782471629544347e-05
[[0.00121952 0.00134083 0.00092283]
 [0.00134083 0.01203047 0.00137124]
 [0.00092283 0.00137124 0.00761107]]
Iteration 36
Error: 5.151040911664253e-05
[[0.00121826 0.00133774 0.00092811]
 [0.00133774 0.01203946 0.00137423]
 [0.00092811 0.00137423 0.00759256]]
Iteration 37
Error: 4.5884902523875455e-05
[[0.00121722 0.00133511 0.00093281]
 [0.00133511 0.01204754 0.00137691]
 [0.00093281 0.00137691 0.0075758 ]]
Iteration 38
Error: 4.0873409785737325e-05
[[0.00121635 0.00133287 0.00093698]
 [0.00133287 0.01205478 0.00137929]
 [0.00093698 0.00137929 0.00756062]]
Iteration 39
Error: 3.640919590125252e-05
[[0.00121564 0.00133097 0.00094068]
 [0.00133097 0.01206129 0.00138141]
 [0.00094068 0.00138141 0.00754688]]
Iteration 40
Error: 3.243272105230726e-05
[[0.00121505 0.00132937 0.00094397]
 [0.00132937 0.01206714 0.00138329]
 [0.00094397 0.00138329 0.00753444]]
Iteration 41
Error: 2.889087383611908e-05
[[0.00121457 0.00132801 0.00094689]
 [0.00132801 0.01207241 0.00138496]
 [0.00094689 0.00138496 0.00752318]]
Iteration 42
Error: 2.573628503800703e-05
[[0.00121418 0.00132685 0.00094948]
 [0.00132685 0.01207714 0.00138643]
 [0.00094948 0.00138643 0.00751299]]
Iteration 43
Error: 2.2926713591073103e-05
[[0.00121386 0.00132588 0.00095177]
 [0.00132588 0.0120814  0.00138772]
 [0.00095177 0.00138772 0.00750377]]
Iteration 44
Error: 2.0424497231404928e-05
[[0.0012136  0.00132506 0.00095381]
 [0.00132506 0.01208524 0.00138886]
 [0.00095381 0.00138886 0.00749542]]
Iteration 45
Error: 1.81960611434918e-05
[[0.0012134  0.00132438 0.00095561]
 [0.00132438 0.0120887  0.00138986]
 [0.00095561 0.00138986 0.00748787]]
Iteration 46
Error: 1.6211478587831608e-05
[[0.00121323 0.0013238  0.00095721]
 [0.0013238  0.01209181 0.00139074]
 [0.00095721 0.00139074 0.00748104]]
Iteration 47
Error: 1.4444078119405868e-05
[[0.0012131  0.00132331 0.00095863]
 [0.00132331 0.01209462 0.0013915 ]
 [0.00095863 0.0013915  0.00747487]]
Iteration 48
Error: 1.2870092554306128e-05
[[0.001213   0.00132291 0.00095988]
 [0.00132291 0.01209715 0.00139217]
 [0.00095988 0.00139217 0.00746929]]
Iteration 49
Error: 1.146834533022876e-05
[[0.00121293 0.00132257 0.000961  ]
 [0.00132257 0.01209943 0.00139275]
 [0.000961   0.00139275 0.00746424]]
Iteration 50
Error: 1.021997034701661e-05
[[0.00121287 0.00132229 0.00096198]
 [0.00132229 0.01210148 0.00139326]
 [0.00096198 0.00139326 0.00745967]]
Iteration 51
Error: 9.108161770422871e-06
[[0.00121283 0.00132205 0.00096286]
 [0.00132205 0.01210333 0.0013937 ]
 [0.00096286 0.0013937  0.00745555]]
Iteration 52
Error: 8.117950640830571e-06
[[0.0012128  0.00132186 0.00096363]
 [0.00132186 0.012105   0.00139408]
 [0.00096363 0.00139408 0.00745182]]
Iteration 53
Error: 7.23600545348888e-06
[[0.00121279 0.0013217  0.00096432]
 [0.0013217  0.0121065  0.00139441]
 [0.00096432 0.00139441 0.00744846]]
Iteration 54
Error: 6.45045416988667e-06
[[0.00121278 0.00132157 0.00096492]
 [0.00132157 0.01210786 0.00139469]
 [0.00096492 0.00139469 0.00744542]]
Iteration 55
Error: 5.750725384492169e-06
[[0.00121278 0.00132147 0.00096546]
 [0.00132147 0.01210908 0.00139494]
 [0.00096546 0.00139494 0.00744267]]
Iteration 56
Error: 5.131975629313465e-06
[[0.00121278 0.00132138 0.00096594]
 [0.00132138 0.01211018 0.00139515]
 [0.00096594 0.00139515 0.00744019]]
Iteration 57
Error: 4.584458357960713e-06
[[0.00121278 0.00132132 0.00096637]
 [0.00132132 0.01211117 0.00139533]
 [0.00096637 0.00139533 0.00743795]]
Iteration 58
Error: 4.0955913658273675e-06
[[0.00121279 0.00132126 0.00096674]
 [0.00132126 0.01211207 0.00139548]
 [0.00096674 0.00139548 0.00743593]]
Iteration 59
Error: 3.659086071655486e-06
[[0.0012128  0.00132122 0.00096708]
 [0.00132122 0.01211287 0.00139562]
 [0.00096708 0.00139562 0.0074341 ]]
Iteration 60
Error: 3.269325228016798e-06
[[0.00121282 0.00132119 0.00096737]
 [0.00132119 0.0121136  0.00139573]
 [0.00096737 0.00139573 0.00743246]]
Iteration 61
Error: 2.921292153660769e-06
[[0.00121283 0.00132116 0.00096763]
 [0.00132116 0.01211426 0.00139583]
 [0.00096763 0.00139583 0.00743097]]
Iteration 62
Error: 2.6105072429892604e-06
[[0.00121284 0.00132114 0.00096787]
 [0.00132114 0.01211484 0.00139591]
 [0.00096787 0.00139591 0.00742963]]
Iteration 63
Error: 2.3329710352691917e-06
[[0.00121286 0.00132113 0.00096807]
 [0.00132113 0.01211538 0.00139598]
 [0.00096807 0.00139598 0.00742842]]
Iteration 64
Error: 2.085113191788385e-06
[[0.00121287 0.00132112 0.00096826]
 [0.00132112 0.01211585 0.00139604]
 [0.00096826 0.00139604 0.00742733]]
Iteration 65
Error: 1.8637467911236834e-06
[[0.00121289 0.00132112 0.00096842]
 [0.00132112 0.01211628 0.00139609]
 [0.00096842 0.00139609 0.00742635]]
Iteration 66
Error: 1.6660274069968048e-06
[[0.0012129  0.00132111 0.00096856]
 [0.00132111 0.01211667 0.00139613]
 [0.00096856 0.00139613 0.00742547]]
Iteration 67
Error: 1.4894164845926077e-06
[[0.00121292 0.00132111 0.00096869]
 [0.00132111 0.01211702 0.00139616]
 [0.00096869 0.00139616 0.00742467]]
Iteration 68
Error: 1.337525583568113e-06
[[0.00121293 0.00132111 0.00096881]
 [0.00132111 0.01211734 0.00139619]
 [0.00096881 0.00139619 0.00742395]]
Iteration 69
Error: 1.2018510038317928e-06
[[0.00121294 0.00132112 0.00096891]
 [0.00132112 0.01211762 0.00139622]
 [0.00096891 0.00139622 0.0074233 ]]
Iteration 70
Error: 1.0798763636396102e-06
[[0.00121295 0.00132112 0.000969  ]
 [0.00132112 0.01211787 0.00139624]
 [0.000969   0.00139624 0.00742271]]
Iteration 71
Error: 9.702302513558362e-07
[[0.00121296 0.00132112 0.00096908]
 [0.00132112 0.0121181  0.00139625]
 [0.00096908 0.00139625 0.00742218]]
Iteration 72
Error: 8.716763029792754e-07
[[0.00121297 0.00132113 0.00096915]
 [0.00132113 0.01211831 0.00139627]
 [0.00096915 0.00139627 0.00742171]]
Iteration 73
Error: 7.831003141652547e-07
[[0.00121298 0.00132114 0.00096921]
 [0.00132114 0.0121185  0.00139628]
 [0.00096921 0.00139628 0.00742128]]
Iteration 74
Error: 7.034985073446805e-07
[[0.00121299 0.00132114 0.00096927]
 [0.00132114 0.01211866 0.00139629]
 [0.00096927 0.00139629 0.0074209 ]]
Iteration 75
Error: 6.319668644303843e-07
[[0.001213   0.00132115 0.00096932]
 [0.00132115 0.01211881 0.00139629]
 [0.00096932 0.00139629 0.00742055]]
Iteration 76
Error: 5.676914392478e-07
[[0.00121301 0.00132115 0.00096937]
 [0.00132115 0.01211895 0.0013963 ]
 [0.00096937 0.0013963  0.00742024]]
Iteration 77
Error: 5.099395691554338e-07
[[0.00121302 0.00132116 0.00096941]
 [0.00132116 0.01211907 0.0013963 ]
 [0.00096941 0.0013963  0.00741996]]
Iteration 78
Error: 4.580519098096227e-07
[[0.00121302 0.00132116 0.00096944]
 [0.00132116 0.01211918 0.00139631]
 [0.00096944 0.00139631 0.0074197 ]]
Iteration 79
Error: 4.114352224287004e-07
[[0.00121303 0.00132117 0.00096947]
 [0.00132117 0.01211928 0.00139631]
 [0.00096947 0.00139631 0.00741947]]
Iteration 80
Error: 3.695558474956992e-07
[[0.00121304 0.00132117 0.0009695 ]
 [0.00132117 0.01211937 0.00139631]
 [0.0009695  0.00139631 0.00741927]]
Iteration 81
Error: 3.3193380398694253e-07
[[0.00121304 0.00132118 0.00096953]
 [0.00132118 0.01211945 0.00139631]
 [0.00096953 0.00139631 0.00741908]]
Iteration 82
Error: 2.9813745736897643e-07
[[0.00121305 0.00132118 0.00096955]
 [0.00132118 0.01211952 0.00139631]
 [0.00096955 0.00139631 0.00741892]]
Iteration 83
Error: 2.6777870470984753e-07
[[0.00121305 0.00132119 0.00096957]
 [0.00132119 0.01211958 0.00139631]
 [0.00096957 0.00139631 0.00741877]]
Iteration 84
Error: 2.4050862891251794e-07
[[0.00121305 0.00132119 0.00096959]
 [0.00132119 0.01211964 0.00139631]
 [0.00096959 0.00139631 0.00741863]]
Iteration 85
Error: 2.166880528080197e-07
[[0.00121306 0.00132119 0.0009696 ]
 [0.00132119 0.0121197  0.00139631]
 [0.0009696  0.00139631 0.00741851]]
Iteration 86
Error: 1.9541284792200762e-07
[[0.00121306 0.0013212  0.00096961]
 [0.0013212  0.01211974 0.00139631]
 [0.00096961 0.00139631 0.0074184 ]]
Iteration 87
Error: 1.7620120416309178e-07
[[0.00121307 0.0013212  0.00096963]
 [0.0013212  0.01211978 0.00139631]
 [0.00096963 0.00139631 0.0074183 ]]
Iteration 88
Error: 1.588563378590157e-07
[[0.00121307 0.0013212  0.00096964]
 [0.0013212  0.01211982 0.00139631]
 [0.00096964 0.00139631 0.00741821]]
Iteration 89
Error: 1.4319978192448533e-07
[[0.00121307 0.00132121 0.00096965]
 [0.00132121 0.01211986 0.00139631]
 [0.00096965 0.00139631 0.00741813]]
Iteration 90
Error: 1.2906974091093405e-07
[[0.00121307 0.00132121 0.00096966]
 [0.00132121 0.01211989 0.00139631]
 [0.00096966 0.00139631 0.00741806]]
Iteration 91
Error: 1.1631958560611756e-07
[[0.00121308 0.00132121 0.00096967]
 [0.00132121 0.01211992 0.00139631]
 [0.00096967 0.00139631 0.007418  ]]
Iteration 92
Error: 1.048164767940632e-07
[[0.00121308 0.00132121 0.00096967]
 [0.00132121 0.01211994 0.00139631]
 [0.00096967 0.00139631 0.00741794]]
Iteration 93
Error: 9.444010770176363e-08
[[0.00121308 0.00132121 0.00096968]
 [0.00132121 0.01211996 0.00139631]
 [0.00096968 0.00139631 0.00741789]]
Iteration 94
Error: 8.508155596742041e-08
[[0.00121308 0.00132122 0.00096968]
 [0.00132122 0.01211998 0.00139631]
 [0.00096968 0.00139631 0.00741784]]
Iteration 95
Error: 7.664223598802776e-08
[[0.00121308 0.00132122 0.00096969]
 [0.00132122 0.01212    0.00139631]
 [0.00096969 0.00139631 0.0074178 ]]
Iteration 96
Error: 6.903294393761916e-08
[[0.00121308 0.00132122 0.00096969]
 [0.00132122 0.01212002 0.00139631]
 [0.00096969 0.00139631 0.00741776]]
Iteration 97
Error: 6.217298722794966e-08
[[0.00121308 0.00132122 0.0009697 ]
 [0.00132122 0.01212003 0.00139631]
 [0.0009697  0.00139631 0.00741773]]
Iteration 98
Error: 5.5989391967549776e-08
[[0.00121309 0.00132122 0.0009697 ]
 [0.00132122 0.01212004 0.00139631]
 [0.0009697  0.00139631 0.0074177 ]]
Iteration 99
Error: 5.0416181540972535e-08
[[0.00121309 0.00132122 0.00096971]
 [0.00132122 0.01212006 0.00139631]
 [0.00096971 0.00139631 0.00741767]]
Iteration 100
Error: 4.539372031541443e-08
[[0.00121309 0.00132122 0.00096971]
 [0.00132122 0.01212007 0.0013963 ]
 [0.00096971 0.0013963  0.00741764]]
Iteration 101
Error: 4.086811687025252e-08
[[0.00121309 0.00132123 0.00096971]
 [0.00132123 0.01212008 0.0013963 ]
 [0.00096971 0.0013963  0.00741762]]
Iteration 102
Error: 3.679068175587927e-08
[[0.00121309 0.00132123 0.00096971]
 [0.00132123 0.01212008 0.0013963 ]
 [0.00096971 0.0013963  0.0074176 ]]
Iteration 103
Error: 3.3117435026524394e-08
[[0.00121309 0.00132123 0.00096971]
 [0.00132123 0.01212009 0.0013963 ]
 [0.00096971 0.0013963  0.00741758]]
Iteration 104
Error: 2.980865886396088e-08
[[0.00121309 0.00132123 0.00096972]
 [0.00132123 0.0121201  0.0013963 ]
 [0.00096972 0.0013963  0.00741757]]
Iteration 105
Error: 2.6828491823949197e-08
[[0.00121309 0.00132123 0.00096972]
 [0.00132123 0.01212011 0.0013963 ]
 [0.00096972 0.0013963  0.00741755]]
Iteration 106
Error: 2.414456061385767e-08
[[0.00121309 0.00132123 0.00096972]
 [0.00132123 0.01212011 0.0013963 ]
 [0.00096972 0.0013963  0.00741754]]
Iteration 107
Error: 2.1727646251851543e-08
[[0.00121309 0.00132123 0.00096972]
 [0.00132123 0.01212012 0.0013963 ]
 [0.00096972 0.0013963  0.00741753]]
Iteration 108
Error: 1.9551381313410998e-08
[[0.00121309 0.00132123 0.00096972]
 [0.00132123 0.01212012 0.0013963 ]
 [0.00096972 0.0013963  0.00741752]]
Iteration 109
Error: 1.7591975887956343e-08
[[0.00121309 0.00132123 0.00096972]
 [0.00132123 0.01212012 0.0013963 ]
 [0.00096972 0.0013963  0.00741751]]
Iteration 110
Error: 1.582796894418481e-08
[[0.00121309 0.00132123 0.00096972]
 [0.00132123 0.01212013 0.0013963 ]
 [0.00096972 0.0013963  0.0074175 ]]
Iteration 111
Error: 1.4240003519882735e-08
[[0.00121309 0.00132123 0.00096973]
 [0.00132123 0.01212013 0.0013963 ]
 [0.00096973 0.0013963  0.00741749]]
Iteration 112
Error: 1.2810623100300775e-08
[[0.00121309 0.00132123 0.00096973]
 [0.00132123 0.01212013 0.0013963 ]
 [0.00096973 0.0013963  0.00741748]]
Iteration 113
Error: 1.1524087265837521e-08
[[0.00121309 0.00132123 0.00096973]
 [0.00132123 0.01212014 0.0013963 ]
 [0.00096973 0.0013963  0.00741748]]
Iteration 114
Error: 1.0366204960610484e-08
[[0.00121309 0.00132123 0.00096973]
 [0.00132123 0.01212014 0.0013963 ]
 [0.00096973 0.0013963  0.00741747]]
Convergence reached in 115 iterations
[[0.00121309 0.00132123 0.00096973]
 [0.00132123 0.01212014 0.0013963 ]
 [0.00096973 0.0013963  0.00741747]]

Abramson correction active
Local covariance matrices saved in clusters.cov.npy
Local coefficients
[0.56781857 0.68319814 0.6568255  0.67072173 0.60648347 0.9080636
 0.98283453 0.53805819 0.88749794 0.6556931  0.74823868 0.59784926
 0.70355971 1.10297869 1.68732079 1.41086396 0.83820565 0.55619396
 1.23891491 0.71296337 1.07975281 0.67975494 1.74717644 0.77787034
 0.79827029 0.91904808 0.61354139 0.59073554 0.62567905 0.62964088
 0.64364069 0.74312924 0.93288143 1.09913821 0.61398983 0.68689923
 1.08483017 0.64723084 0.83360175 0.5602858  0.61173363 1.82195673
 0.96728306 0.8450531  1.02674624 0.63137063 0.64971459 0.67694897
 0.66719938 0.55543635 1.24604217 1.15301618 1.16189509 0.97267665
 0.95032764 0.8879879  1.24542419 1.35488894 0.99467045 1.69082034
 1.6861223  0.88764612 1.83482872 0.94251606 1.59324759 1.0030832
 1.21130355 0.87200046 1.37909979 0.8007452  1.34971942 0.97801717
 1.21908617 1.06251813 0.99887785 0.9219757  1.4190987  1.18119711
 0.89615799 1.35150501 0.87480662 0.98669868 0.82813391 1.03825841
 1.44852052 1.51868543 0.99336701 1.47753544 1.03360134 0.85500205
 0.94006907 0.90257315 0.80869866 1.40066739 0.7764754  0.82352811
 0.77942547 0.98239961 1.50480691 0.76690139 1.7447978  0.99111359
 1.49786204 0.79782128 0.90730134 1.5284354  1.88819853 1.21897767
 1.83347446 1.70303608 1.12977976 0.88626009 0.90844245 1.1149298
 1.58283214 1.43784233 0.76719196 1.85926633 1.71853282 1.47831581
 0.92829966 1.43456541 1.64668868 0.91386944 0.86169127 1.44989772
 0.98076436 1.00241146 0.8582019  1.68016558 1.29005651 1.83960953
 0.88975687 0.95072066 1.32518747 1.34358365 1.39822934 0.75770897
 1.0446472  0.96184951 0.85394914 0.93264066 0.99111359 1.00046011
 1.32604087 0.77415312 0.96115508 0.81414341 1.43590981 1.01716862]

Total time taken for covariance optimisation: 2.377 s

2. Maxima detection
Broadening coefficient: 1.0
Selected method:        Trust-region Newton-Raphson
Trust radius:           0.001
Convergence threshold:  1e-06

Point 0 converged in 44 steps
Point 1 converged in 196 steps
Point 2 converged in 149 steps
Point 3 converged in 215 steps
Point 4 converged in 99 steps
Point 5 converged in 267 steps
Point 6 converged in 335 steps
Point 7 converged in 21 steps
Point 8 converged in 325 steps
Point 9 converged in 173 steps
Point 10 converged in 171 steps
Point 11 converged in 132 steps
Point 12 converged in 211 steps
Point 13 converged in 319 steps
Point 14 converged in 489 steps
Point 15 converged in 496 steps
Point 16 converged in 273 steps
Point 17 converged in 59 steps
Point 18 converged in 279 steps
Point 19 converged in 209 steps
Point 20 converged in 195 steps
Point 21 converged in 191 steps
Point 22 converged in 455 steps
Point 23 converged in 111 steps
Point 24 converged in 159 steps
Point 25 converged in 223 steps
Point 26 converged in 100 steps
Point 27 converged in 71 steps
Point 28 converged in 90 steps
Point 29 converged in 165 steps
Point 30 converged in 163 steps
Point 31 converged in 122 steps
Point 32 converged in 299 steps
Point 33 converged in 385 steps
Point 34 converged in 149 steps
Point 35 converged in 115 steps
Point 36 converged in 233 steps
Point 37 converged in 95 steps
Point 38 converged in 284 steps
Point 39 converged in 36 steps
Point 40 converged in 83 steps
Point 41 converged in 491 steps
Point 42 converged in 292 steps
Point 43 converged in 229 steps
Point 44 converged in 270 steps
Point 45 converged in 183 steps
Point 46 converged in 180 steps
Point 47 converged in 191 steps
Point 48 converged in 144 steps
Point 49 converged in 57 steps
Point 50 converged in 185 steps
Point 51 converged in 297 steps
Point 52 converged in 120 steps
Point 53 converged in 136 steps
Point 54 converged in 71 steps
Point 55 converged in 51 steps
Point 56 converged in 337 steps
Point 57 converged in 42 steps
Point 58 converged in 76 steps
Point 59 converged in 392 steps
Point 60 converged in 366 steps
Point 61 converged in 128 steps
Point 62 converged in 483 steps
Point 63 converged in 173 steps
Point 64 converged in 153 steps
Point 65 converged in 84 steps
Point 66 converged in 233 steps
Point 67 converged in 88 steps
Point 68 converged in 567 steps
Point 69 converged in 60 steps
Point 70 converged in 186 steps
Point 71 converged in 164 steps
Point 72 converged in 287 steps
Point 73 converged in 192 steps
Point 74 converged in 62 steps
Point 75 converged in 35 steps
Point 76 converged in 160 steps
Point 77 converged in 202 steps
Point 78 converged in 117 steps
Point 79 converged in 144 steps
Point 80 converged in 104 steps
Point 81 converged in 129 steps
Point 82 converged in 64 steps
Point 83 converged in 245 steps
Point 84 converged in 326 steps
Point 85 converged in 450 steps
Point 86 converged in 84 steps
Point 87 converged in 350 steps
Point 88 converged in 125 steps
Point 89 converged in 138 steps
Point 90 converged in 122 steps
Point 91 converged in 162 steps
Point 92 converged in 48 steps
Point 93 converged in 57 steps
Point 94 converged in 53 steps
Point 95 converged in 74 steps
Point 96 converged in 49 steps
Point 97 converged in 292 steps
Point 98 converged in 77 steps
Point 99 converged in 18 steps
Point 100 converged in 114 steps
Point 101 converged in 63 steps
Point 102 converged in 229 steps
Point 103 converged in 94 steps
Point 104 converged in 133 steps
Point 105 converged in 93 steps
Point 106 converged in 573 steps
Point 107 converged in 39 steps
Point 108 converged in 366 steps
Point 109 converged in 378 steps
Point 110 converged in 130 steps
Point 111 converged in 159 steps
Point 112 converged in 95 steps
Point 113 converged in 140 steps
Point 114 converged in 254 steps
Point 115 converged in 455 steps
Point 116 converged in 60 steps
Point 117 converged in 507 steps
Point 118 converged in 183 steps
Point 119 converged in 481 steps
Point 120 converged in 155 steps
Point 121 converged in 174 steps
Point 122 converged in 144 steps
Point 123 converged in 198 steps
Point 124 converged in 160 steps
Point 125 converged in 166 steps
Point 126 converged in 234 steps
Point 127 converged in 129 steps
Point 128 converged in 110 steps
Point 129 converged in 103 steps
Point 130 converged in 70 steps
Point 131 converged in 413 steps
Point 132 converged in 125 steps
Point 133 converged in 239 steps
Point 134 converged in 319 steps
Point 135 converged in 106 steps
Point 136 converged in 58 steps
Point 137 converged in 27 steps
Point 138 converged in 104 steps
Point 139 converged in 140 steps
Point 140 converged in 152 steps
Point 141 converged in 134 steps
Point 142 converged in 63 steps
Point 143 converged in 169 steps
Point 144 converged in 289 steps
Point 145 converged in 60 steps
Point 146 converged in 251 steps
Point 147 converged in 33 steps
Point 148 converged in 47 steps
Point 149 converged in 68 steps

Initial labels
[0 0 0 0 0 0 0 0 0 0 0 0 0 0 0 0 0 0 0 0 0 0 0 0 0 0 0 0 0 0 0 0 0 0 0 0 0
 0 0 0 0 0 0 0 0 0 0 0 0 0 4 3 4 2 4 3 3 1 4 3 2 3 4 3 3 4 3 2 6 2 5 2 4 4
 4 4 4 4 3 2 2 2 2 6 3 3 4 4 3 3 3 3 2 1 3 3 3 3 1 3 7 5 8 6 6 8 3 8 8 6 6
 6 6 5 5 6 6 8 8 6 6 5 8 6 6 8 6 5 6 8 8 8 6 6 6 8 7 6 5 6 6 6 5 6 6 6 6 6
 7 5]

Total time taken for maxima detection: 6.377 s

3. Cluster merging
Merging threshold:     0.36787944117144233
Selected method:       Smith + Trust-region Newton-Raphson
Trust radius:          0.001
Convergence threshold: 1e-06

Saddle search between clusters  1 and  0 succeeded in 175 steps
Saddle search between clusters  2 and  0 terminated after 1 steps
Saddle search between clusters  2 and  1 succeeded in 38 steps
Saddle search between clusters  3 and  0 terminated after 1 steps
Saddle search between clusters  3 and  1 succeeded in 177 steps
Saddle search between clusters  3 and  2 succeeded in 11 steps
Saddle search between clusters  4 and  0 terminated after 1 steps
Saddle search between clusters  4 and  1 terminated after 1 steps
Saddle search between clusters  4 and  2 terminated after 50 steps
Saddle search between clusters  4 and  3 succeeded in 31 steps
Saddle search between clusters  5 and  0 terminated after 1 steps
Saddle search between clusters  5 and  1 terminated after 1 steps
Saddle search between clusters  5 and  2 terminated after 1 steps
Saddle search between clusters  5 and  3 succeeded in 73 steps
Saddle search between clusters  5 and  4 terminated after 1 steps
Saddle search between clusters  6 and  0 terminated after 1 steps
Saddle search between clusters  6 and  1 terminated after 1 steps
Saddle search between clusters  6 and  2 terminated after 1 steps
Saddle search between clusters  6 and  3 succeeded in 27 steps
Saddle search between clusters  6 and  4 succeeded in 182 steps
Saddle search between clusters  6 and  5 succeeded in 48 steps
Saddle search between clusters  7 and  0 terminated after 1 steps
Saddle search between clusters  7 and  1 terminated after 1 steps
Saddle search between clusters  7 and  2 terminated after 1 steps
Saddle search between clusters  7 and  3 terminated after 1 steps
Saddle search between clusters  7 and  4 terminated after 1 steps
Saddle search between clusters  7 and  5 succeeded in 71 steps
Saddle search between clusters  7 and  6 succeeded in 46 steps
Saddle search between clusters  8 and  0 terminated after 1 steps
Saddle search between clusters  8 and  1 terminated after 1 steps
Saddle search between clusters  8 and  2 terminated after 1 steps
Saddle search between clusters  8 and  3 terminated after 1 steps
Saddle search between clusters  8 and  4 succeeded in 207 steps
Saddle search between clusters  8 and  5 terminated after 1 steps
Saddle search between clusters  8 and  6 succeeded in 83 steps
Saddle search between clusters  8 and  7 terminated after 1 steps

Clusters  3 and  2 merged with value 0.9935
Clusters  7 and  5 merged with value 0.9602
Clusters  6 and  5 merged with value 0.9057
Clusters  4 and  3 merged with value 0.8206
Clusters  2 and  1 merged with value 0.7428
Clusters  8 and  4 merged with value 0.5381
Clusters  6 and  4 merged with value 0.4996
Clusters  6 and  3 merged with value 0.4996
Clusters  5 and  3 merged with value 0.4327

Merged labels
[0 0 0 0 0 0 0 0 0 0 0 0 0 0 0 0 0 0 0 0 0 0 0 0 0 0 0 0 0 0 0 0 0 0 0 0 0
 0 0 0 0 0 0 0 0 0 0 0 0 0 1 1 1 1 1 1 1 1 1 1 1 1 1 1 1 1 1 1 1 1 1 1 1 1
 1 1 1 1 1 1 1 1 1 1 1 1 1 1 1 1 1 1 1 1 1 1 1 1 1 1 1 1 1 1 1 1 1 1 1 1 1
 1 1 1 1 1 1 1 1 1 1 1 1 1 1 1 1 1 1 1 1 1 1 1 1 1 1 1 1 1 1 1 1 1 1 1 1 1
 1 1]

Total time taken for cluster merging: 0.6295 s

4. Outlier detection
Outlier threshold:   0.0

Final labels
[0 0 0 0 0 0 0 0 0 0 0 0 0 0 0 0 0 0 0 0 0 0 0 0 0 0 0 0 0 0 0 0 0 0 0 0 0
 0 0 0 0 0 0 0 0 0 0 0 0 0 1 1 1 1 1 1 1 1 1 1 1 1 1 1 1 1 1 1 1 1 1 1 1 1
 1 1 1 1 1 1 1 1 1 1 1 1 1 1 1 1 1 1 1 1 1 1 1 1 1 1 1 1 1 1 1 1 1 1 1 1 1
 1 1 1 1 1 1 1 1 1 1 1 1 1 1 1 1 1 1 1 1 1 1 1 1 1 1 1 1 1 1 1 1 1 1 1 1 1
 1 1]
Final labels saved in clusters.lab.npy

Total time taken for fitting: 9.436 s
