DONKEY Clustering
Number of datapoints: 639
Number of features:   3
Periodic features:    []

1. Covariance Optimisation
Convergence threshold: 1e-08

Initial guess
[[1. 0. 0.]
 [0. 1. 0.]
 [0. 0. 1.]]
Iteration 1
Error: 2.9804519602028376
[[ 1.55877822e-02  3.01984376e-06  3.84488984e-07]
 [ 3.01984376e-06  3.48594534e-03 -3.23545093e-08]
 [ 3.84488984e-07 -3.23545093e-08  4.81185578e-04]]
Iteration 2
Error: 0.008584979715925483
[[ 8.76301522e-03  1.26541684e-06  1.23498075e-06]
 [ 1.26541684e-06  1.94617811e-03 -4.85017604e-07]
 [ 1.23498075e-06 -4.85017604e-07  2.66855286e-04]]
Iteration 3
Error: 0.0030445317395714202
[[ 6.35669527e-03 -5.41444008e-06 -1.96229298e-06]
 [-5.41444008e-06  1.40307887e-03 -1.36894513e-06]
 [-1.96229298e-06 -1.36894513e-06  1.93264858e-04]]
Iteration 4
Error: 0.0015869765746353932
[[ 5.10761467e-03 -1.05230353e-05 -4.52703707e-06]
 [-1.05230353e-05  1.11977255e-03 -2.06309185e-06]
 [-4.52703707e-06 -2.06309185e-06  1.55410178e-04]]
Iteration 5
Error: 0.0009804890911788806
[[ 4.33812729e-03 -1.42569874e-05 -6.37713625e-06]
 [-1.42569874e-05  9.44205697e-04 -2.55966473e-06]
 [-6.37713625e-06 -2.55966473e-06  1.32136565e-04]]
Iteration 6
Error: 0.00066760254220292
[[ 3.81529063e-03 -1.70269541e-05 -7.71973201e-06]
 [-1.70269541e-05  8.24201002e-04 -2.91324586e-06]
 [-7.71973201e-06 -2.91324586e-06  1.16307661e-04]]
Iteration 7
Error: 0.0004841636953942413
[[ 3.43671395e-03 -1.91248040e-05 -8.71633949e-06]
 [-1.91248040e-05  7.36804348e-04 -3.17235329e-06]
 [-8.71633949e-06 -3.17235329e-06  1.04824434e-04]]
Iteration 8
Error: 0.00036696972202635746
[[ 3.15014628e-03 -2.07480128e-05 -9.47317414e-06]
 [-2.07480128e-05  6.70270127e-04 -3.37207550e-06]
 [-9.47317414e-06 -3.37207550e-06  9.61161282e-05]]
Iteration 9
Error: 0.0002872963615544975
[[ 2.92607169e-03 -2.20333422e-05 -1.00591176e-05]
 [-2.20333422e-05  6.17937669e-04 -3.53623384e-06]
 [-1.00591176e-05 -3.53623384e-06  8.92976811e-05]]
Iteration 10
Error: 0.00023051335808591883
[[ 2.74652594e-03 -2.30775740e-05 -1.05197182e-05]
 [-2.30775740e-05  5.75735876e-04 -3.68052703e-06]
 [-1.05197182e-05 -3.68052703e-06  8.38301217e-05]]
Iteration 11
Error: 0.00018851755785646076
[[ 2.59992623e-03 -2.39500095e-05 -1.08859719e-05]
 [-2.39500095e-05  5.41029559e-04 -3.81508077e-06]
 [-1.08859719e-05 -3.81508077e-06  7.93650735e-05]]
Iteration 12
Error: 0.00015652101202754973
[[ 2.47845043e-03 -2.47005563e-05 -1.11796292e-05]
 [-2.47005563e-05  5.12033751e-04 -3.94626736e-06]
 [-1.11796292e-05 -3.94626736e-06  7.56664500e-05]]
Iteration 13
Error: 0.0001315443744428838
[[ 2.37661066e-03 -2.53652673e-05 -1.14164136e-05]
 [-2.53652673e-05  4.87493965e-04 -4.07794961e-06]
 [-1.14164136e-05 -4.07794961e-06  7.25679894e-05]]
Iteration 14
Error: 0.00011165308505429646
[[ 2.29043142e-03 -2.59702390e-05 -1.16080055e-05]
 [-2.59702390e-05  4.66501159e-04 -4.21231927e-06]
 [-1.16080055e-05 -4.21231927e-06  6.99488112e-05]]
Iteration 15
Error: 9.554518792081765e-05
[[ 2.21695330e-03 -2.65343821e-05 -1.17632913e-05]
 [-2.65343821e-05  4.48379409e-04 -4.35046108e-06]
 [-1.17632913e-05 -4.35046108e-06  6.77186399e-05]]
Iteration 16
Error: 8.231717651077434e-05
[[ 2.15392108e-03 -2.70713944e-05 -1.18891698e-05]
 [-2.70713944e-05  4.32614918e-04 -4.49273306e-06]
 [-1.18891698e-05 -4.49273306e-06  6.58084981e-05]]
Iteration 17
Error: 7.13251125785469e-05
[[ 2.09958109e-03 -2.75911705e-05 -1.19910862e-05]
 [-2.75911705e-05  4.18809621e-04 -4.63902383e-06]
 [-1.19910862e-05 -4.63902383e-06  6.41646361e-05]]
Iteration 18
Error: 6.20991681079097e-05
[[ 2.05254550e-03 -2.81008107e-05 -1.20733962e-05]
 [-2.81008107e-05  4.06649939e-04 -4.78892743e-06]
 [-1.20733962e-05 -4.78892743e-06  6.27444520e-05]]
Iteration 19
Error: 5.4289341594635616e-05
[[ 2.01169904e-03 -2.86053490e-05 -1.21396213e-05]
 [-2.86053490e-05  3.95885223e-04 -4.94186210e-06]
 [-1.21396213e-05 -4.94186210e-06  6.15136760e-05]]
Iteration 20
Error: 4.763000374356055e-05
[[ 1.97613350e-03 -2.91082817e-05 -1.21926317e-05]
 [-2.91082817e-05  3.86312520e-04 -5.09715127e-06]
 [-1.21926317e-05 -5.09715127e-06  6.04443825e-05]]
Iteration 21
Error: 4.1916164151868805e-05
[[ 1.94510057e-03 -2.96119547e-05 -1.22347827e-05]
 [-2.96119547e-05  3.77765614e-04 -5.25407837e-06]
 [-1.22347827e-05 -5.25407837e-06  5.95135572e-05]]
Iteration 22
Error: 3.698723078713313e-05
[[ 1.91797743e-03 -3.01178507e-05 -1.22680160e-05]
 [-3.01178507e-05  3.70106984e-04 -5.41192376e-06]
 [-1.22680160e-05 -5.41192376e-06  5.87020442e-05]]
Iteration 23
Error: 3.2715674137428214e-05
[[ 1.89424109e-03 -3.06268034e-05 -1.22939394e-05]
 [-3.06268034e-05  3.63221819e-04 -5.56998937e-06]
 [-1.22939394e-05 -5.56998937e-06  5.79937613e-05]]
Iteration 24
Error: 2.8998970870649543e-05
[[ 1.87344897e-03 -3.11391602e-05 -1.23138876e-05]
 [-3.11391602e-05  3.57013489e-04 -5.72761450e-06]
 [-1.23138876e-05 -5.72761450e-06  5.73751032e-05]]
Iteration 25
Error: 2.575378289808774e-05
[[ 1.85522402e-03 -3.16549056e-05 -1.23289719e-05]
 [-3.16549056e-05  3.51400073e-04 -5.88418577e-06]
 [-1.23289719e-05 -5.88418577e-06  5.68344844e-05]]
Iteration 26
Error: 2.2911687053966052e-05
[[ 1.83924315e-03 -3.21737567e-05 -1.23401183e-05]
 [-3.21737567e-05  3.46311673e-04 -6.03914274e-06]
 [-1.23401183e-05 -6.03914274e-06  5.63619815e-05]]
Iteration 27
Error: 2.0415997769440556e-05
[[ 1.82522805e-03 -3.26952370e-05 -1.23481000e-05]
 [-3.26952370e-05  3.41688296e-04 -6.19198055e-06]
 [-1.23481000e-05 -6.19198055e-06  5.59490523e-05]]
Iteration 28
Error: 1.8219371652811583e-05
[[ 1.81293800e-03 -3.32187337e-05 -1.23535626e-05]
 [-3.32187337e-05  3.37478181e-04 -6.34225056e-06]
 [-1.23535626e-05 -6.34225056e-06  5.55883112e-05]]
Iteration 29
Error: 1.6281979155446433e-05
[[ 1.80216391e-03 -3.37435426e-05 -1.23570456e-05]
 [-3.37435426e-05  3.33636456e-04 -6.48955944e-06]
 [-1.23570456e-05 -6.48955944e-06  5.52733485e-05]]
Iteration 30
Error: 1.4570092818639869e-05
[[ 1.79272363e-03 -3.42689036e-05 -1.23589992e-05]
 [-3.42689036e-05  3.30124051e-04 -6.63356735e-06]
 [-1.23589992e-05 -6.63356735e-06  5.49985830e-05]]
Iteration 31
Error: 1.3054985233593627e-05
[[ 1.78445800e-03 -3.47940277e-05 -1.23597989e-05]
 [-3.47940277e-05  3.26906819e-04 -6.77398536e-06]
 [-1.23597989e-05 -6.77398536e-06  5.47591417e-05]]
Iteration 32
Error: 1.1712225939713533e-05
[[ 1.77722762e-03 -3.53181188e-05 -1.23597574e-05]
 [-3.53181188e-05  3.23954800e-04 -6.91057246e-06]
 [-1.23597574e-05 -6.91057246e-06  5.45507591e-05]]
Iteration 33
Error: 1.0522651758991836e-05
[[ 1.77091011e-03 -3.58403900e-05 -1.23591342e-05]
 [-3.58403900e-05  3.21241629e-04 -7.04313240e-06]
 [-1.23591342e-05 -7.04313240e-06  5.43696943e-05]]
Iteration 34
Error: 9.464967762284033e-06
[[ 1.76539788e-03 -3.63600760e-05 -1.23581440e-05]
 [-3.63600760e-05  3.18744030e-04 -7.17151020e-06]
 [-1.23581440e-05 -7.17151020e-06  5.42126608e-05]]
Iteration 35
Error: 8.523481863719708e-06
[[ 1.76059618e-03 -3.68764432e-05 -1.23569636e-05]
 [-3.68764432e-05  3.16441393e-04 -7.29558882e-06]
 [-1.23569636e-05 -7.29558882e-06  5.40767667e-05]]
Iteration 36
Error: 7.684541772115925e-06
[[ 1.75642146e-03 -3.73887958e-05 -1.23557376e-05]
 [-3.73887958e-05  3.14315429e-04 -7.41528575e-06]
 [-1.23557376e-05 -7.41528575e-06  5.39594649e-05]]
Iteration 37
Error: 6.93623514261958e-06
[[ 1.75279996e-03 -3.78964814e-05 -1.23545831e-05]
 [-3.78964814e-05  3.12349859e-04 -7.53054968e-06]
 [-1.23545831e-05 -7.53054968e-06  5.38585093e-05]]
Iteration 38
Error: 6.2681408918086365e-06
[[ 1.74966652e-03 -3.83988938e-05 -1.23535944e-05]
 [-3.83988938e-05  3.10530167e-04 -7.64135734e-06]
 [-1.23535944e-05 -7.64135734e-06  5.37719180e-05]]
Iteration 39
Error: 5.671121564702932e-06
[[ 1.74696353e-03 -3.88954748e-05 -1.23528457e-05]
 [-3.88954748e-05  3.08843378e-04 -7.74771042e-06]
 [-1.23528457e-05 -7.74771042e-06  5.36979413e-05]]
Iteration 40
Error: 5.13714889854965e-06
[[ 1.74464002e-03 -3.93857153e-05 -1.23523949e-05]
 [-3.93857153e-05  3.07277870e-04 -7.84963275e-06]
 [-1.23523949e-05 -7.84963275e-06  5.36350334e-05]]
Iteration 41
Error: 4.659156432386312e-06
[[ 1.74265089e-03 -3.98691548e-05 -1.23522853e-05]
 [-3.98691548e-05  3.05823213e-04 -7.94716751e-06]
 [-1.23522853e-05 -7.94716751e-06  5.35818288e-05]]
Iteration 42
Error: 4.231967281356257e-06
[[ 1.74095621e-03 -4.03453812e-05 -1.23525485e-05]
 [-4.03453812e-05  3.04470031e-04 -8.04037480e-06]
 [-1.23525485e-05 -8.04037480e-06  5.35371208e-05]]
Iteration 43
Error: 3.84955213444709e-06
[[ 1.73952061e-03 -4.08140291e-05 -1.23532060e-05]
 [-4.08140291e-05  3.03209878e-04 -8.12932922e-06]
 [-1.23532060e-05 -8.12932922e-06  5.34998430e-05]]
Iteration 44
Error: 3.5065765732313146e-06
[[ 1.73831277e-03 -4.12747781e-05 -1.23542704e-05]
 [-4.12747781e-05  3.02035131e-04 -8.21411774e-06]
 [-1.23542704e-05 -8.21411774e-06  5.34690533e-05]]
Iteration 45
Error: 3.1987092005651725e-06
[[ 1.73730496e-03 -4.17273513e-05 -1.23557476e-05]
 [-4.17273513e-05  3.00938905e-04 -8.29483773e-06]
 [-1.23557476e-05 -8.29483773e-06  5.34439194e-05]]
Iteration 46
Error: 2.9221144536218088e-06
[[ 1.73647262e-03 -4.21715127e-05 -1.23576373e-05]
 [-4.21715127e-05  2.99914963e-04 -8.37159512e-06]
 [-1.23576373e-05 -8.37159512e-06  5.34237064e-05]]
Iteration 47
Error: 2.673392864339523e-06
[[ 1.73579399e-03 -4.26070653e-05 -1.23599342e-05]
 [-4.26070653e-05  2.98957653e-04 -8.44450282e-06]
 [-1.23599342e-05 -8.44450282e-06  5.34077656e-05]]
Iteration 48
Error: 2.449529116743905e-06
[[ 1.73524983e-03 -4.30338481e-05 -1.23626290e-05]
 [-4.30338481e-05  2.98061842e-04 -8.51367915e-06]
 [-1.23626290e-05 -8.51367915e-06  5.33955246e-05]]
Iteration 49
Error: 2.2478467597302557e-06
[[ 1.73482307e-03 -4.34517344e-05 -1.23657093e-05]
 [-4.34517344e-05  2.97222860e-04 -8.57924661e-06]
 [-1.23657093e-05 -8.57924661e-06  5.33864789e-05]]
Iteration 50
Error: 2.0659686251673773e-06
[[ 1.73449866e-03 -4.38606290e-05 -1.23691599e-05]
 [-4.38606290e-05  2.96436458e-04 -8.64133060e-06]
 [-1.23691599e-05 -8.64133060e-06  5.33801840e-05]]
Iteration 51
Error: 1.9017821561902633e-06
[[ 1.73426325e-03 -4.42604658e-05 -1.23729635e-05]
 [-4.42604658e-05  2.95698758e-04 -8.70005844e-06]
 [-1.23729635e-05 -8.70005844e-06  5.33762484e-05]]
Iteration 52
Error: 1.7534089764784275e-06
[[ 1.73410506e-03 -4.46512058e-05 -1.23771014e-05]
 [-4.46512058e-05  2.95006219e-04 -8.75555838e-06]
 [-1.23771014e-05 -8.75555838e-06  5.33743282e-05]]
Iteration 53
Error: 1.6191781347128174e-06
[[ 1.73401366e-03 -4.50328346e-05 -1.23815536e-05]
 [-4.50328346e-05  2.94355603e-04 -8.80795882e-06]
 [-1.23815536e-05 -8.80795882e-06  5.33741210e-05]]
Iteration 54
Error: 1.5000835553529773e-06
[[ 1.73397988e-03 -4.54053601e-05 -1.23862994e-05]
 [-4.54053601e-05  2.93743946e-04 -8.85738758e-06]
 [-1.23862994e-05 -8.85738758e-06  5.33753615e-05]]
Iteration 55
Error: 1.4236870549751207e-06
[[ 1.73399559e-03 -4.57688109e-05 -1.23913177e-05]
 [-4.57688109e-05  2.93168529e-04 -8.90397130e-06]
 [-1.23913177e-05 -8.90397130e-06  5.33778173e-05]]
Iteration 56
Error: 1.4103030794481335e-06
[[ 1.73405364e-03 -4.61232340e-05 -1.23965871e-05]
 [-4.61232340e-05  2.92626857e-04 -8.94783486e-06]
 [-1.23965871e-05 -8.94783486e-06  5.33812851e-05]]
Iteration 57
Error: 1.3930655116697364e-06
[[ 1.73414773e-03 -4.64686932e-05 -1.24020861e-05]
 [-4.64686932e-05  2.92116635e-04 -8.98910101e-06]
 [-1.24020861e-05 -8.98910101e-06  5.33855872e-05]]
Iteration 58
Error: 1.3725954387477022e-06
[[ 1.73427232e-03 -4.68052670e-05 -1.24077937e-05]
 [-4.68052670e-05  2.91635754e-04 -9.02788993e-06]
 [-1.24077937e-05 -9.02788993e-06  5.33905687e-05]]
Iteration 59
Error: 1.3494391171232446e-06
[[ 1.73442254e-03 -4.71330475e-05 -1.24136890e-05]
 [-4.71330475e-05  2.91182268e-04 -9.06431895e-06]
 [-1.24136890e-05 -9.06431895e-06  5.33960949e-05]]
Iteration 60
Error: 1.3240762825879729e-06
[[ 1.73459411e-03 -4.74521384e-05 -1.24197516e-05]
 [-4.74521384e-05  2.90754384e-04 -9.09850226e-06]
 [-1.24197516e-05 -9.09850226e-06  5.34020488e-05]]
Iteration 61
Error: 1.2969275629301464e-06
[[ 1.73478326e-03 -4.77626539e-05 -1.24259618e-05]
 [-4.77626539e-05  2.90350444e-04 -9.13055076e-06]
 [-1.24259618e-05 -9.13055076e-06  5.34083291e-05]]
Iteration 62
Error: 1.2683610904778906e-06
[[ 1.73498673e-03 -4.80647173e-05 -1.24323005e-05]
 [-4.80647173e-05  2.89968919e-04 -9.16057188e-06]
 [-1.24323005e-05 -9.16057188e-06  5.34148483e-05]]
Iteration 63
Error: 1.238698400870106e-06
[[ 1.73520164e-03 -4.83584598e-05 -1.24387493e-05]
 [-4.83584598e-05  2.89608389e-04 -9.18866944e-06]
 [-1.24387493e-05 -9.18866944e-06  5.34215312e-05]]
Iteration 64
Error: 1.2082196945821058e-06
[[ 1.73542548e-03 -4.86440193e-05 -1.24452906e-05]
 [-4.86440193e-05  2.89267543e-04 -9.21494362e-06]
 [-1.24452906e-05 -9.21494362e-06  5.34283133e-05]]
Iteration 65
Error: 1.1771685293876048e-06
[[ 1.73565608e-03 -4.89215396e-05 -1.24519075e-05]
 [-4.89215396e-05  2.88945163e-04 -9.23949087e-06]
 [-1.24519075e-05 -9.23949087e-06  5.34351395e-05]]
Iteration 66
Error: 1.145756004359558e-06
[[ 1.73589153e-03 -4.91911692e-05 -1.24585842e-05]
 [-4.91911692e-05  2.88640118e-04 -9.26240392e-06]
 [-1.24585842e-05 -9.26240392e-06  5.34419631e-05]]
Iteration 67
Error: 1.1141644895699309e-06
[[ 1.73613019e-03 -4.94530608e-05 -1.24653055e-05]
 [-4.94530608e-05  2.88351358e-04 -9.28377177e-06]
 [-1.24653055e-05 -9.28377177e-06  5.34487446e-05]]
Iteration 68
Error: 1.0825509496960598e-06
[[ 1.73637064e-03 -4.97073699e-05 -1.24720572e-05]
 [-4.97073699e-05  2.88077906e-04 -9.30367973e-06]
 [-1.24720572e-05 -9.30367973e-06  5.34554508e-05]]
Iteration 69
Error: 1.0510499048283952e-06
[[ 1.73661167e-03 -4.99542548e-05 -1.24788259e-05]
 [-4.99542548e-05  2.87818853e-04 -9.32220944e-06]
 [-1.24788259e-05 -9.32220944e-06  5.34620544e-05]]
Iteration 70
Error: 1.019776066867943e-06
[[ 1.73685222e-03 -5.01938755e-05 -1.24855989e-05]
 [-5.01938755e-05  2.87573352e-04 -9.33943893e-06]
 [-1.24855989e-05 -9.33943893e-06  5.34685326e-05]]
Iteration 71
Error: 9.888266861702072e-07
[[ 1.73709140e-03 -5.04263934e-05 -1.24923646e-05]
 [-5.04263934e-05  2.87340612e-04 -9.35544274e-06]
 [-1.24923646e-05 -9.35544274e-06  5.34748671e-05]]
Iteration 72
Error: 9.582836392120965e-07
[[ 1.73732844e-03 -5.06519704e-05 -1.24991120e-05]
 [-5.06519704e-05  2.87119896e-04 -9.37029191e-06]
 [-1.24991120e-05 -9.37029191e-06  5.34810431e-05]]
Iteration 73
Error: 9.282152849248514e-07
[[ 1.73756271e-03 -5.08707687e-05 -1.25058309e-05]
 [-5.08707687e-05  2.86910515e-04 -9.38405415e-06]
 [-1.25058309e-05 -9.38405415e-06  5.34870492e-05]]
Iteration 74
Error: 8.986781144487051e-07
[[ 1.73779367e-03 -5.10829505e-05 -1.25125120e-05]
 [-5.10829505e-05  2.86711824e-04 -9.39679389e-06]
 [-1.25125120e-05 -9.39679389e-06  5.34928767e-05]]
Iteration 75
Error: 8.697182164154327e-07
[[ 1.73802086e-03 -5.12886772e-05 -1.25191466e-05]
 [-5.12886772e-05  2.86523223e-04 -9.40857241e-06]
 [-1.25191466e-05 -9.40857241e-06  5.34985192e-05]]
Iteration 76
Error: 8.413725775608248e-07
[[ 1.73824393e-03 -5.14881096e-05 -1.25257267e-05]
 [-5.14881096e-05  2.86344145e-04 -9.41944789e-06]
 [-1.25257267e-05 -9.41944789e-06  5.35039725e-05]]
Iteration 77
Error: 8.136702364692033e-07
[[ 1.73846257e-03 -5.16814068e-05 -1.25322452e-05]
 [-5.16814068e-05  2.86174064e-04 -9.42947558e-06]
 [-1.25322452e-05 -9.42947558e-06  5.35092341e-05]]
Iteration 78
Error: 7.866333062480558e-07
[[ 1.73867654e-03 -5.18687270e-05 -1.25386953e-05]
 [-5.18687270e-05  2.86012483e-04 -9.43870788e-06]
 [-1.25386953e-05 -9.43870788e-06  5.35143030e-05]]
Iteration 79
Error: 7.602778803533978e-07
[[ 1.73888568e-03 -5.20502263e-05 -1.25450712e-05]
 [-5.20502263e-05  2.85858937e-04 -9.44719445e-06]
 [-1.25450712e-05 -9.44719445e-06  5.35191794e-05]]
Iteration 80
Error: 7.346148343025432e-07
[[ 1.73908983e-03 -5.22260591e-05 -1.25513673e-05]
 [-5.22260591e-05  2.85712991e-04 -9.45498231e-06]
 [-1.25513673e-05 -9.45498231e-06  5.35238648e-05]]
Iteration 81
Error: 7.096505346438735e-07
[[ 1.73928890e-03 -5.23963775e-05 -1.25575788e-05]
 [-5.23963775e-05  2.85574234e-04 -9.46211594e-06]
 [-1.25575788e-05 -9.46211594e-06  5.35283613e-05]]
Iteration 82
Error: 6.853874652647147e-07
[[ 1.73948283e-03 -5.25613315e-05 -1.25637014e-05]
 [-5.25613315e-05  2.85442282e-04 -9.46863745e-06]
 [-1.25637014e-05 -9.46863745e-06  5.35326721e-05]]
Iteration 83
Error: 6.618247802350786e-07
[[ 1.73967158e-03 -5.27210688e-05 -1.25697313e-05]
 [-5.27210688e-05  2.85316771e-04 -9.47458658e-06]
 [-1.25697313e-05 -9.47458658e-06  5.35368006e-05]]
Iteration 84
Error: 6.389587912245047e-07
[[ 1.73985515e-03 -5.28757343e-05 -1.25756652e-05]
 [-5.28757343e-05  2.85197361e-04 -9.48000091e-06]
 [-1.25756652e-05 -9.48000091e-06  5.35407511e-05]]
Iteration 85
Error: 6.167833967605806e-07
[[ 1.74003355e-03 -5.30254706e-05 -1.25815000e-05]
 [-5.30254706e-05  2.85083732e-04 -9.48491589e-06]
 [-1.25815000e-05 -9.48491589e-06  5.35445280e-05]]
Iteration 86
Error: 5.952904598359015e-07
[[ 1.74020683e-03 -5.31704175e-05 -1.25872334e-05]
 [-5.31704175e-05  2.84975580e-04 -9.48936496e-06]
 [-1.25872334e-05 -9.48936496e-06  5.35481362e-05]]
Iteration 87
Error: 5.744701395882758e-07
[[ 1.74037501e-03 -5.33107121e-05 -1.25928631e-05]
 [-5.33107121e-05  2.84872621e-04 -9.49337964e-06]
 [-1.25928631e-05 -9.49337964e-06  5.35515807e-05]]
Iteration 88
Error: 5.543111822618552e-07
[[ 1.74053818e-03 -5.34464887e-05 -1.25983875e-05]
 [-5.34464887e-05  2.84774586e-04 -9.49698966e-06]
 [-1.25983875e-05 -9.49698966e-06  5.35548667e-05]]
Iteration 89
Error: 5.34801176037529e-07
[[ 1.74069641e-03 -5.35778787e-05 -1.26038052e-05]
 [-5.35778787e-05  2.84681222e-04 -9.50022297e-06]
 [-1.26038052e-05 -9.50022297e-06  5.35579996e-05]]
Iteration 90
Error: 5.159267737903207e-07
[[ 1.74084977e-03 -5.37050108e-05 -1.26091150e-05]
 [-5.37050108e-05  2.84592290e-04 -9.50310592e-06]
 [-1.26091150e-05 -9.50310592e-06  5.35609847e-05]]
Iteration 91
Error: 4.976738875012336e-07
[[ 1.74099835e-03 -5.38280107e-05 -1.26143161e-05]
 [-5.38280107e-05  2.84507564e-04 -9.50566328e-06]
 [-1.26143161e-05 -9.50566328e-06  5.35638275e-05]]
Iteration 92
Error: 4.800278575117131e-07
[[ 1.74114227e-03 -5.39470013e-05 -1.26194080e-05]
 [-5.39470013e-05  2.84426831e-04 -9.50791834e-06]
 [-1.26194080e-05 -9.50791834e-06  5.35665334e-05]]
Iteration 93
Error: 4.6297359958167203e-07
[[ 1.74128161e-03 -5.40621026e-05 -1.26243905e-05]
 [-5.40621026e-05  2.84349889e-04 -9.50989297e-06]
 [-1.26243905e-05 -9.50989297e-06  5.35691078e-05]]
Iteration 94
Error: 4.464957322702112e-07
[[ 1.74141648e-03 -5.41734317e-05 -1.26292634e-05]
 [-5.41734317e-05  2.84276549e-04 -9.51160774e-06]
 [-1.26292634e-05 -9.51160774e-06  5.35715558e-05]]
Iteration 95
Error: 4.3057868698521677e-07
[[ 1.74154700e-03 -5.42811029e-05 -1.26340269e-05]
 [-5.42811029e-05  2.84206629e-04 -9.51308194e-06]
 [-1.26340269e-05 -9.51308194e-06  5.35738828e-05]]
Iteration 96
Error: 4.1520680269355965e-07
[[ 1.74167326e-03 -5.43852276e-05 -1.26386814e-05]
 [-5.43852276e-05  2.84139961e-04 -9.51433368e-06]
 [-1.26386814e-05 -9.51433368e-06  5.35760939e-05]]
Iteration 97
Error: 4.0036440718411846e-07
[[ 1.74179539e-03 -5.44859145e-05 -1.26432274e-05]
 [-5.44859145e-05  2.84076381e-04 -9.51537993e-06]
 [-1.26432274e-05 -9.51537993e-06  5.35781940e-05]]
Iteration 98
Error: 3.860358863947192e-07
[[ 1.74191349e-03 -5.45832693e-05 -1.26476655e-05]
 [-5.45832693e-05  2.84015739e-04 -9.51623661e-06]
 [-1.26476655e-05 -9.51623661e-06  5.35801879e-05]]
Iteration 99
Error: 3.722057433218096e-07
[[ 1.74202767e-03 -5.46773951e-05 -1.26519967e-05]
 [-5.46773951e-05  2.83957890e-04 -9.51691862e-06]
 [-1.26519967e-05 -9.51691862e-06  5.35820805e-05]]
Iteration 100
Error: 3.5885864769233475e-07
[[ 1.74213806e-03 -5.47683922e-05 -1.26562218e-05]
 [-5.47683922e-05  2.83902697e-04 -9.51743992e-06]
 [-1.26562218e-05 -9.51743992e-06  5.35838763e-05]]
Iteration 101
Error: 3.4597947765753446e-07
[[ 1.74224475e-03 -5.48563584e-05 -1.26603420e-05]
 [-5.48563584e-05  2.83850030e-04 -9.51781358e-06]
 [-1.26603420e-05 -9.51781358e-06  5.35855797e-05]]
Iteration 102
Error: 3.3355335435290745e-07
[[ 1.74234785e-03 -5.49413887e-05 -1.26643585e-05]
 [-5.49413887e-05  2.83799767e-04 -9.51805179e-06]
 [-1.26643585e-05 -9.51805179e-06  5.35871950e-05]]
Iteration 103
Error: 3.215656703086315e-07
[[ 1.74244748e-03 -5.50235754e-05 -1.26682725e-05]
 [-5.50235754e-05  2.83751791e-04 -9.51816599e-06]
 [-1.26682725e-05 -9.51816599e-06  5.35887263e-05]]
Iteration 104
Error: 3.100021124823442e-07
[[ 1.74254374e-03 -5.51030084e-05 -1.26720855e-05]
 [-5.51030084e-05  2.83705992e-04 -9.51816684e-06]
 [-1.26720855e-05 -9.51816684e-06  5.35901777e-05]]
Iteration 105
Error: 2.992588632365528e-07
[[ 1.74263673e-03 -5.51797751e-05 -1.26757988e-05]
 [-5.51797751e-05  2.83662266e-04 -9.51806429e-06]
 [-1.26757988e-05 -9.51806429e-06  5.35915529e-05]]
Iteration 106
Error: 2.888782866586902e-07
[[ 1.74272656e-03 -5.52539603e-05 -1.26794141e-05]
 [-5.52539603e-05  2.83620512e-04 -9.51786765e-06]
 [-1.26794141e-05 -9.51786765e-06  5.35928556e-05]]
Iteration 107
Error: 2.78846166697633e-07
[[ 1.74281332e-03 -5.53256467e-05 -1.26829329e-05]
 [-5.53256467e-05  2.83580638e-04 -9.51758556e-06]
 [-1.26829329e-05 -9.51758556e-06  5.35940894e-05]]
Iteration 108
Error: 2.69151872913402e-07
[[ 1.74289712e-03 -5.53949141e-05 -1.26863568e-05]
 [-5.53949141e-05  2.83542552e-04 -9.51722612e-06]
 [-1.26863568e-05 -9.51722612e-06  5.35952577e-05]]
Iteration 109
Error: 2.597849843440963e-07
[[ 1.74297804e-03 -5.54618405e-05 -1.26896875e-05]
 [-5.54618405e-05  2.83506172e-04 -9.51679684e-06]
 [-1.26896875e-05 -9.51679684e-06  5.35963636e-05]]
Iteration 110
Error: 2.5073529972181546e-07
[[ 1.74305619e-03 -5.55265014e-05 -1.26929267e-05]
 [-5.55265014e-05  2.83471415e-04 -9.51630471e-06]
 [-1.26929267e-05 -9.51630471e-06  5.35974104e-05]]
Iteration 111
Error: 2.4199284536797203e-07
[[ 1.74313165e-03 -5.55889700e-05 -1.26960761e-05]
 [-5.55889700e-05  2.83438206e-04 -9.51575626e-06]
 [-1.26960761e-05 -9.51575626e-06  5.35984009e-05]]
Iteration 112
Error: 2.3354788109014878e-07
[[ 1.74320451e-03 -5.56493176e-05 -1.26991375e-05]
 [-5.56493176e-05  2.83406471e-04 -9.51515751e-06]
 [-1.26991375e-05 -9.51515751e-06  5.35993380e-05]]
Iteration 113
Error: 2.2539090435294638e-07
[[ 1.74327486e-03 -5.57076131e-05 -1.27021127e-05]
 [-5.57076131e-05  2.83376142e-04 -9.51451410e-06]
 [-1.27021127e-05 -9.51451410e-06  5.36002245e-05]]
Iteration 114
Error: 2.175126529290577e-07
[[ 1.74334278e-03 -5.57639236e-05 -1.27050035e-05]
 [-5.57639236e-05  2.83347154e-04 -9.51383123e-06]
 [-1.27050035e-05 -9.51383123e-06  5.36010628e-05]]
Iteration 115
Error: 2.0990410626571144e-07
[[ 1.74340834e-03 -5.58183140e-05 -1.27078117e-05]
 [-5.58183140e-05  2.83319443e-04 -9.51311373e-06]
 [-1.27078117e-05 -9.51311373e-06  5.36018555e-05]]
Iteration 116
Error: 2.0255648571131793e-07
[[ 1.74347164e-03 -5.58708472e-05 -1.27105390e-05]
 [-5.58708472e-05  2.83292950e-04 -9.51236607e-06]
 [-1.27105390e-05 -9.51236607e-06  5.36026049e-05]]
Iteration 117
Error: 1.9546125380333454e-07
[[ 1.74353275e-03 -5.59215843e-05 -1.27131873e-05]
 [-5.59215843e-05  2.83267619e-04 -9.51159240e-06]
 [-1.27131873e-05 -9.51159240e-06  5.36033133e-05]]
Iteration 118
Error: 1.88610112706852e-07
[[ 1.74359173e-03 -5.59705846e-05 -1.27157583e-05]
 [-5.59705846e-05  2.83243396e-04 -9.51079654e-06]
 [-1.27157583e-05 -9.51079654e-06  5.36039828e-05]]
Iteration 119
Error: 1.8199500197516117e-07
[[ 1.74364867e-03 -5.60179054e-05 -1.27182539e-05]
 [-5.60179054e-05  2.83220231e-04 -9.50998202e-06]
 [-1.27182539e-05 -9.50998202e-06  5.36046154e-05]]
Iteration 120
Error: 1.7560809571831517e-07
[[ 1.74370362e-03 -5.60636023e-05 -1.27206759e-05]
 [-5.60636023e-05  2.83198075e-04 -9.50915210e-06]
 [-1.27206759e-05 -9.50915210e-06  5.36052131e-05]]
Iteration 121
Error: 1.6944179927257534e-07
[[ 1.74375667e-03 -5.61077292e-05 -1.27230259e-05]
 [-5.61077292e-05  2.83176881e-04 -9.50830978e-06]
 [-1.27230259e-05 -9.50830978e-06  5.36057776e-05]]
Iteration 122
Error: 1.6348874543832805e-07
[[ 1.74380787e-03 -5.61503384e-05 -1.27253059e-05]
 [-5.61503384e-05  2.83156606e-04 -9.50745781e-06]
 [-1.27253059e-05 -9.50745781e-06  5.36063108e-05]]
Iteration 123
Error: 1.5774179044222782e-07
[[ 1.74385728e-03 -5.61914803e-05 -1.27275174e-05]
 [-5.61914803e-05  2.83137208e-04 -9.50659875e-06]
 [-1.27275174e-05 -9.50659875e-06  5.36068143e-05]]
Iteration 124
Error: 1.5219400952939366e-07
[[ 1.74390497e-03 -5.62312041e-05 -1.27296623e-05]
 [-5.62312041e-05  2.83118646e-04 -9.50573490e-06]
 [-1.27296623e-05 -9.50573490e-06  5.36072897e-05]]
Iteration 125
Error: 1.468386924365059e-07
[[ 1.74395100e-03 -5.62695570e-05 -1.27317421e-05]
 [-5.62695570e-05  2.83100884e-04 -9.50486841e-06]
 [-1.27317421e-05 -9.50486841e-06  5.36077385e-05]]
Iteration 126
Error: 1.4166933862099819e-07
[[ 1.74399542e-03 -5.63065851e-05 -1.27337587e-05]
 [-5.63065851e-05  2.83083885e-04 -9.50400121e-06]
 [-1.27337587e-05 -9.50400121e-06  5.36081621e-05]]
Iteration 127
Error: 1.3667965241069598e-07
[[ 1.74403830e-03 -5.63423329e-05 -1.27357136e-05]
 [-5.63423329e-05  2.83067614e-04 -9.50313509e-06]
 [-1.27357136e-05 -9.50313509e-06  5.36085619e-05]]
Iteration 128
Error: 1.3186353802331377e-07
[[ 1.74407967e-03 -5.63768433e-05 -1.27376084e-05]
 [-5.63768433e-05  2.83052040e-04 -9.50227165e-06]
 [-1.27376084e-05 -9.50227165e-06  5.36089391e-05]]
Iteration 129
Error: 1.272150945738836e-07
[[ 1.74411960e-03 -5.64101582e-05 -1.27394449e-05]
 [-5.64101582e-05  2.83037130e-04 -9.50141238e-06]
 [-1.27394449e-05 -9.50141238e-06  5.36092950e-05]]
Iteration 130
Error: 1.2272861100648259e-07
[[ 1.74415813e-03 -5.64423178e-05 -1.27412245e-05]
 [-5.64423178e-05  2.83022855e-04 -9.50055859e-06]
 [-1.27412245e-05 -9.50055859e-06  5.36096307e-05]]
Iteration 131
Error: 1.1839856105056508e-07
[[ 1.74419531e-03 -5.64733611e-05 -1.27429487e-05]
 [-5.64733611e-05  2.83009187e-04 -9.49971149e-06]
 [-1.27429487e-05 -9.49971149e-06  5.36099472e-05]]
Iteration 132
Error: 1.1421959817718981e-07
[[ 1.74423120e-03 -5.65033260e-05 -1.27446192e-05]
 [-5.65033260e-05  2.82996098e-04 -9.49887216e-06]
 [-1.27446192e-05 -9.49887216e-06  5.36102458e-05]]
Iteration 133
Error: 1.1018655058376827e-07
[[ 1.74426582e-03 -5.65322491e-05 -1.27462374e-05]
 [-5.65322491e-05  2.82983563e-04 -9.49804158e-06]
 [-1.27462374e-05 -9.49804158e-06  5.36105273e-05]]
Iteration 134
Error: 1.0629441623921334e-07
[[ 1.74429924e-03 -5.65601657e-05 -1.27478047e-05]
 [-5.65601657e-05  2.82971558e-04 -9.49722060e-06]
 [-1.27478047e-05 -9.49722060e-06  5.36107926e-05]]
Iteration 135
Error: 1.0253835795705023e-07
[[ 1.74433148e-03 -5.65871100e-05 -1.27493226e-05]
 [-5.65871100e-05  2.82960059e-04 -9.49641001e-06]
 [-1.27493226e-05 -9.49641001e-06  5.36110427e-05]]
Iteration 136
Error: 9.891369859232627e-08
[[ 1.74436260e-03 -5.66131151e-05 -1.27507925e-05]
 [-5.66131151e-05  2.82949043e-04 -9.49561048e-06]
 [-1.27507925e-05 -9.49561048e-06  5.36112784e-05]]
Iteration 137
Error: 9.541591624221722e-08
[[ 1.74439262e-03 -5.66382132e-05 -1.27522158e-05]
 [-5.66382132e-05  2.82938490e-04 -9.49482261e-06]
 [-1.27522158e-05 -9.49482261e-06  5.36115004e-05]]
Iteration 138
Error: 9.20406395891858e-08
[[ 1.74442159e-03 -5.66624350e-05 -1.27535938e-05]
 [-5.66624350e-05  2.82928379e-04 -9.49404693e-06]
 [-1.27535938e-05 -9.49404693e-06  5.36117096e-05]]
Iteration 139
Error: 8.878364331662596e-08
[[ 1.74444954e-03 -5.66858107e-05 -1.27549278e-05]
 [-5.66858107e-05  2.82918691e-04 -9.49328389e-06]
 [-1.27549278e-05 -9.49328389e-06  5.36119067e-05]]
Iteration 140
Error: 8.564084361660325e-08
[[ 1.74447651e-03 -5.67083691e-05 -1.27562191e-05]
 [-5.67083691e-05  2.82909407e-04 -9.49253388e-06]
 [-1.27562191e-05 -9.49253388e-06  5.36120922e-05]]
Iteration 141
Error: 8.260829378363695e-08
[[ 1.74450254e-03 -5.67301383e-05 -1.27574689e-05]
 [-5.67301383e-05  2.82900509e-04 -9.49179723e-06]
 [-1.27574689e-05 -9.49179723e-06  5.36122670e-05]]
Iteration 142
Error: 7.968217994248265e-08
[[ 1.74452765e-03 -5.67511454e-05 -1.27586785e-05]
 [-5.67511454e-05  2.82891982e-04 -9.49107420e-06]
 [-1.27586785e-05 -9.49107420e-06  5.36124314e-05]]
Iteration 143
Error: 7.68588168402793e-08
[[ 1.74455188e-03 -5.67714165e-05 -1.27598491e-05]
 [-5.67714165e-05  2.82883809e-04 -9.49036503e-06]
 [-1.27598491e-05 -9.49036503e-06  5.36125862e-05]]
Iteration 144
Error: 7.413464377935104e-08
[[ 1.74457525e-03 -5.67909769e-05 -1.27609818e-05]
 [-5.67909769e-05  2.82875974e-04 -9.48966988e-06]
 [-1.27609818e-05 -9.48966988e-06  5.36127319e-05]]
Iteration 145
Error: 7.150622063110073e-08
[[ 1.74459781e-03 -5.68098512e-05 -1.27620778e-05]
 [-5.68098512e-05  2.82868463e-04 -9.48898889e-06]
 [-1.27620778e-05 -9.48898889e-06  5.36128690e-05]]
Iteration 146
Error: 6.897022395543684e-08
[[ 1.74461957e-03 -5.68280629e-05 -1.27631381e-05]
 [-5.68280629e-05  2.82861262e-04 -9.48832214e-06]
 [-1.27631381e-05 -9.48832214e-06  5.36129979e-05]]
Iteration 147
Error: 6.652344324081796e-08
[[ 1.74464057e-03 -5.68456350e-05 -1.27641639e-05]
 [-5.68456350e-05  2.82854357e-04 -9.48766970e-06]
 [-1.27641639e-05 -9.48766970e-06  5.36131192e-05]]
Iteration 148
Error: 6.416277723897862e-08
[[ 1.74466083e-03 -5.68625895e-05 -1.27651562e-05]
 [-5.68625895e-05  2.82847737e-04 -9.48703157e-06]
 [-1.27651562e-05 -9.48703157e-06  5.36132332e-05]]
Iteration 149
Error: 6.188523039346225e-08
[[ 1.74468037e-03 -5.68789478e-05 -1.27661161e-05]
 [-5.68789478e-05  2.82841388e-04 -9.48640777e-06]
 [-1.27661161e-05 -9.48640777e-06  5.36133404e-05]]
Iteration 150
Error: 5.968790938503123e-08
[[ 1.74469923e-03 -5.68947305e-05 -1.27670444e-05]
 [-5.68947305e-05  2.82835299e-04 -9.48579824e-06]
 [-1.27670444e-05 -9.48579824e-06  5.36134411e-05]]
Iteration 151
Error: 5.7568019783061015e-08
[[ 1.74471742e-03 -5.69099575e-05 -1.27679423e-05]
 [-5.69099575e-05  2.82829460e-04 -9.48520292e-06]
 [-1.27679423e-05 -9.48520292e-06  5.36135358e-05]]
Iteration 152
Error: 5.552286277743973e-08
[[ 1.74473498e-03 -5.69246482e-05 -1.27688105e-05]
 [-5.69246482e-05  2.82823858e-04 -9.48462174e-06]
 [-1.27688105e-05 -9.48462174e-06  5.36136247e-05]]
Iteration 153
Error: 5.354983200400723e-08
[[ 1.74475191e-03 -5.69388211e-05 -1.27696502e-05]
 [-5.69388211e-05  2.82818486e-04 -9.48405459e-06]
 [-1.27696502e-05 -9.48405459e-06  5.36137082e-05]]
Iteration 154
Error: 5.164641050876194e-08
[[ 1.74476825e-03 -5.69524943e-05 -1.27704620e-05]
 [-5.69524943e-05  2.82813331e-04 -9.48350135e-06]
 [-1.27704620e-05 -9.48350135e-06  5.36137867e-05]]
Iteration 155
Error: 4.981016774248628e-08
[[ 1.74478401e-03 -5.69656850e-05 -1.27712470e-05]
 [-5.69656850e-05  2.82808386e-04 -9.48296187e-06]
 [-1.27712470e-05 -9.48296187e-06  5.36138603e-05]]
Iteration 156
Error: 4.803875669828357e-08
[[ 1.74479921e-03 -5.69784102e-05 -1.27720060e-05]
 [-5.69784102e-05  2.82803642e-04 -9.48243600e-06]
 [-1.27720060e-05 -9.48243600e-06  5.36139294e-05]]
Iteration 157
Error: 4.632991111965575e-08
[[ 1.74481388e-03 -5.69906859e-05 -1.27727397e-05]
 [-5.69906859e-05  2.82799090e-04 -9.48192357e-06]
 [-1.27727397e-05 -9.48192357e-06  5.36139942e-05]]
Iteration 158
Error: 4.4681442786548856e-08
[[ 1.74482803e-03 -5.70025279e-05 -1.27734490e-05]
 [-5.70025279e-05  2.82794722e-04 -9.48142441e-06]
 [-1.27734490e-05 -9.48142441e-06  5.36140550e-05]]
Iteration 159
Error: 4.309123890004391e-08
[[ 1.74484169e-03 -5.70139513e-05 -1.27741347e-05]
 [-5.70139513e-05  2.82790530e-04 -9.48093832e-06]
 [-1.27741347e-05 -9.48093832e-06  5.36141121e-05]]
Iteration 160
Error: 4.155725955300136e-08
[[ 1.74485486e-03 -5.70249707e-05 -1.27747975e-05]
 [-5.70249707e-05  2.82786507e-04 -9.48046510e-06]
 [-1.27747975e-05 -9.48046510e-06  5.36141655e-05]]
Iteration 161
Error: 4.0077535260316284e-08
[[ 1.74486756e-03 -5.70356002e-05 -1.27754381e-05]
 [-5.70356002e-05  2.82782646e-04 -9.48000456e-06]
 [-1.27754381e-05 -9.48000456e-06  5.36142156e-05]]
Iteration 162
Error: 3.865016459898634e-08
[[ 1.74487982e-03 -5.70458535e-05 -1.27760572e-05]
 [-5.70458535e-05  2.82778940e-04 -9.47955646e-06]
 [-1.27760572e-05 -9.47955646e-06  5.36142625e-05]]
Iteration 163
Error: 3.7273311893096196e-08
[[ 1.74489164e-03 -5.70557436e-05 -1.27766556e-05]
 [-5.70557436e-05  2.82775383e-04 -9.47912061e-06]
 [-1.27766556e-05 -9.47912061e-06  5.36143065e-05]]
Iteration 164
Error: 3.594520500416944e-08
[[ 1.74490305e-03 -5.70652834e-05 -1.27772339e-05]
 [-5.70652834e-05  2.82771968e-04 -9.47869676e-06]
 [-1.27772339e-05 -9.47869676e-06  5.36143476e-05]]
Iteration 165
Error: 3.4664133149791084e-08
[[ 1.74491405e-03 -5.70744851e-05 -1.27777927e-05]
 [-5.70744851e-05  2.82768690e-04 -9.47828470e-06]
 [-1.27777927e-05 -9.47828470e-06  5.36143861e-05]]
Iteration 166
Error: 3.342844485230723e-08
[[ 1.74492466e-03 -5.70833605e-05 -1.27783327e-05]
 [-5.70833605e-05  2.82765542e-04 -9.47788419e-06]
 [-1.27783327e-05 -9.47788419e-06  5.36144222e-05]]
Iteration 167
Error: 3.2236545907067456e-08
[[ 1.74493490e-03 -5.70919212e-05 -1.27788545e-05]
 [-5.70919212e-05  2.82762521e-04 -9.47749500e-06]
 [-1.27788545e-05 -9.47749500e-06  5.36144559e-05]]
Iteration 168
Error: 3.108689743044077e-08
[[ 1.74494478e-03 -5.71001781e-05 -1.27793587e-05]
 [-5.71001781e-05  2.82759619e-04 -9.47711689e-06]
 [-1.27793587e-05 -9.47711689e-06  5.36144873e-05]]
Iteration 169
Error: 2.997801398488449e-08
[[ 1.74495430e-03 -5.71081418e-05 -1.27798458e-05]
 [-5.71081418e-05  2.82756833e-04 -9.47674963e-06]
 [-1.27798458e-05 -9.47674963e-06  5.36145168e-05]]
Iteration 170
Error: 2.890846174297658e-08
[[ 1.74496349e-03 -5.71158228e-05 -1.27803164e-05]
 [-5.71158228e-05  2.82754157e-04 -9.47639299e-06]
 [-1.27803164e-05 -9.47639299e-06  5.36145442e-05]]
Iteration 171
Error: 2.787685674120305e-08
[[ 1.74497235e-03 -5.71232310e-05 -1.27807711e-05]
 [-5.71232310e-05  2.82751588e-04 -9.47604671e-06]
 [-1.27807711e-05 -9.47604671e-06  5.36145699e-05]]
Iteration 172
Error: 2.6881863160914735e-08
[[ 1.74498090e-03 -5.71303759e-05 -1.27812103e-05]
 [-5.71303759e-05  2.82749120e-04 -9.47571058e-06]
 [-1.27812103e-05 -9.47571058e-06  5.36145938e-05]]
Iteration 173
Error: 2.5922191686614823e-08
[[ 1.74498915e-03 -5.71372668e-05 -1.27816346e-05]
 [-5.71372668e-05  2.82746750e-04 -9.47538435e-06]
 [-1.27816346e-05 -9.47538435e-06  5.36146161e-05]]
Iteration 174
Error: 2.4996597918639434e-08
[[ 1.74499711e-03 -5.71439127e-05 -1.27820445e-05]
 [-5.71439127e-05  2.82744473e-04 -9.47506778e-06]
 [-1.27820445e-05 -9.47506778e-06  5.36146369e-05]]
Iteration 175
Error: 2.4103880827176804e-08
[[ 1.74500478e-03 -5.71503222e-05 -1.27824404e-05]
 [-5.71503222e-05  2.82742286e-04 -9.47476066e-06]
 [-1.27824404e-05 -9.47476066e-06  5.36146563e-05]]
Iteration 176
Error: 2.324288125256496e-08
[[ 1.74501218e-03 -5.71565036e-05 -1.27828229e-05]
 [-5.71565036e-05  2.82740186e-04 -9.47446274e-06]
 [-1.27828229e-05 -9.47446274e-06  5.36146744e-05]]
Iteration 177
Error: 2.2412480501822496e-08
[[ 1.74501932e-03 -5.71624650e-05 -1.27831922e-05]
 [-5.71624650e-05  2.82738168e-04 -9.47417380e-06]
 [-1.27831922e-05 -9.47417380e-06  5.36146911e-05]]
Iteration 178
Error: 2.161159891255843e-08
[[ 1.74502620e-03 -5.71682142e-05 -1.27835490e-05]
 [-5.71682142e-05  2.82736229e-04 -9.47389361e-06]
 [-1.27835490e-05 -9.47389361e-06  5.36147068e-05]]
Iteration 179
Error: 2.0839194550489632e-08
[[ 1.74503284e-03 -5.71737586e-05 -1.27838936e-05]
 [-5.71737586e-05  2.82734366e-04 -9.47362195e-06]
 [-1.27838936e-05 -9.47362195e-06  5.36147213e-05]]
Iteration 180
Error: 2.009426188428489e-08
[[ 1.74503925e-03 -5.71791055e-05 -1.27842263e-05]
 [-5.71791055e-05  2.82732576e-04 -9.47335860e-06]
 [-1.27842263e-05 -9.47335860e-06  5.36147347e-05]]
Iteration 181
Error: 1.937583054943551e-08
[[ 1.74504542e-03 -5.71842619e-05 -1.27845477e-05]
 [-5.71842619e-05  2.82730857e-04 -9.47310334e-06]
 [-1.27845477e-05 -9.47310334e-06  5.36147472e-05]]
Iteration 182
Error: 1.8682964112481698e-08
[[ 1.74505138e-03 -5.71892344e-05 -1.27848580e-05]
 [-5.71892344e-05  2.82729204e-04 -9.47285596e-06]
 [-1.27848580e-05 -9.47285596e-06  5.36147588e-05]]
Iteration 183
Error: 1.801475893013031e-08
[[ 1.74505713e-03 -5.71940297e-05 -1.27851577e-05]
 [-5.71940297e-05  2.82727616e-04 -9.47261625e-06]
 [-1.27851577e-05 -9.47261625e-06  5.36147695e-05]]
Iteration 184
Error: 1.7370342989538008e-08
[[ 1.74506267e-03 -5.71986539e-05 -1.27854471e-05]
 [-5.71986539e-05  2.82726090e-04 -9.47238400e-06]
 [-1.27854471e-05 -9.47238400e-06  5.36147794e-05]]
Iteration 185
Error: 1.6748874836164065e-08
[[ 1.74506802e-03 -5.72031132e-05 -1.27857266e-05]
 [-5.72031132e-05  2.82724623e-04 -9.47215901e-06]
 [-1.27857266e-05 -9.47215901e-06  5.36147886e-05]]
Iteration 186
Error: 1.6149542504309946e-08
[[ 1.74507317e-03 -5.72074133e-05 -1.27859964e-05]
 [-5.72074133e-05  2.82723214e-04 -9.47194108e-06]
 [-1.27859964e-05 -9.47194108e-06  5.36147971e-05]]
Iteration 187
Error: 1.557156249225349e-08
[[ 1.74507815e-03 -5.72115600e-05 -1.27862569e-05]
 [-5.72115600e-05  2.82721859e-04 -9.47173001e-06]
 [-1.27862569e-05 -9.47173001e-06  5.36148049e-05]]
Iteration 188
Error: 1.501417880584707e-08
[[ 1.74508294e-03 -5.72155586e-05 -1.27865085e-05]
 [-5.72155586e-05  2.82720557e-04 -9.47152561e-06]
 [-1.27865085e-05 -9.47152561e-06  5.36148121e-05]]
Iteration 189
Error: 1.4476661965683171e-08
[[ 1.74508757e-03 -5.72194144e-05 -1.27867514e-05]
 [-5.72194144e-05  2.82719305e-04 -9.47132769e-06]
 [-1.27867514e-05 -9.47132769e-06  5.36148187e-05]]
Iteration 190
Error: 1.3958308115653194e-08
[[ 1.74509203e-03 -5.72231325e-05 -1.27869859e-05]
 [-5.72231325e-05  2.82718102e-04 -9.47113608e-06]
 [-1.27869859e-05 -9.47113608e-06  5.36148248e-05]]
Iteration 191
Error: 1.3458438122856373e-08
[[ 1.74509633e-03 -5.72267178e-05 -1.27872123e-05]
 [-5.72267178e-05  2.82716945e-04 -9.47095058e-06]
 [-1.27872123e-05 -9.47095058e-06  5.36148304e-05]]
Iteration 192
Error: 1.2976396726446852e-08
[[ 1.74510048e-03 -5.72301749e-05 -1.27874308e-05]
 [-5.72301749e-05  2.82715833e-04 -9.47077102e-06]
 [-1.27874308e-05 -9.47077102e-06  5.36148355e-05]]
Iteration 193
Error: 1.2511551693812693e-08
[[ 1.74510448e-03 -5.72335085e-05 -1.27876418e-05]
 [-5.72335085e-05  2.82714764e-04 -9.47059723e-06]
 [-1.27876418e-05 -9.47059723e-06  5.36148401e-05]]
Iteration 194
Error: 1.2063293040461915e-08
[[ 1.74510834e-03 -5.72367229e-05 -1.27878455e-05]
 [-5.72367229e-05  2.82713736e-04 -9.47042905e-06]
 [-1.27878455e-05 -9.47042905e-06  5.36148444e-05]]
Iteration 195
Error: 1.1631032241902383e-08
[[ 1.74511206e-03 -5.72398223e-05 -1.27880422e-05]
 [-5.72398223e-05  2.82712748e-04 -9.47026629e-06]
 [-1.27880422e-05 -9.47026629e-06  5.36148483e-05]]
Iteration 196
Error: 1.1214201492684494e-08
[[ 1.74511565e-03 -5.72428109e-05 -1.27882320e-05]
 [-5.72428109e-05  2.82711797e-04 -9.47010882e-06]
 [-1.27882320e-05 -9.47010882e-06  5.36148518e-05]]
Iteration 197
Error: 1.0812252986507873e-08
[[ 1.74511911e-03 -5.72456926e-05 -1.27884152e-05]
 [-5.72456926e-05  2.82710884e-04 -9.46995646e-06]
 [-1.27884152e-05 -9.46995646e-06  5.36148550e-05]]
Iteration 198
Error: 1.0424658210629373e-08
[[ 1.74512245e-03 -5.72484712e-05 -1.27885921e-05]
 [-5.72484712e-05  2.82710005e-04 -9.46980907e-06]
 [-1.27885921e-05 -9.46980907e-06  5.36148579e-05]]
Iteration 199
Error: 1.0050907279688607e-08
[[ 1.74512566e-03 -5.72511504e-05 -1.27887628e-05]
 [-5.72511504e-05  2.82709160e-04 -9.46966649e-06]
 [-1.27887628e-05 -9.46966649e-06  5.36148605e-05]]
Convergence reached in 200 iterations
[[ 1.74512877e-03 -5.72537336e-05 -1.27889276e-05]
 [-5.72537336e-05  2.82708348e-04 -9.46952858e-06]
 [-1.27889276e-05 -9.46952858e-06  5.36148628e-05]]

Abamson correction active
Local covariance matrices saved in nb_0.cov.npy
Local coefficients
[1.13931293 0.66542227 0.83730017 1.64725145 0.6222463  2.66567162
 0.70298763 3.08842216 0.83449732 1.29837975 1.34286642 0.6122454
 0.84678233 3.41506781 0.61838572 1.57262778 0.7882853  1.23880605
 1.24109774 0.80892655 1.40117856 0.6664369  0.761603   1.54750405
 1.63821295 1.18166552 0.94746228 1.17649641 1.29177164 0.69992774
