DONKEY Clustering
Number of datapoints: 639
Number of features:   3
Periodic features:    []

1. Covariance Optimisation
Convergence threshold: 1e-08

Initial guess
[[1. 0. 0.]
 [0. 1. 0.]
 [0. 0. 1.]]
Iteration 1
Error: 2.976762845297024
[[ 1.80680759e-02  1.05421308e-06 -2.99342838e-06]
 [ 1.05421308e-06  3.49210706e-03 -4.92338551e-07]
 [-2.99342838e-06 -4.92338551e-07  1.68605172e-03]]
Iteration 2
Error: 0.010254078011844348
[[ 1.01180301e-02 -2.81092358e-06 -1.13566956e-05]
 [-2.81092358e-06  1.96210318e-03 -3.37781661e-06]
 [-1.13566956e-05 -3.37781661e-06  9.42251163e-04]]
Iteration 3
Error: 0.0035876681436446583
[[ 7.35616310e-03  4.21796120e-06 -8.90375416e-06]
 [ 4.21796120e-06  1.42068123e-03 -9.22371411e-07]
 [-8.90375416e-06 -9.22371411e-07  6.81746485e-04]]
Iteration 4
Error: 0.0018688384621346316
[[ 5.92826595e-03  1.17327650e-05 -6.92236883e-06]
 [ 1.17327650e-05  1.13850373e-03  1.34694094e-06]
 [-6.92236883e-06  1.34694094e-06  5.46513671e-04]]
Iteration 5
Error: 0.001158007087435897
[[ 5.04759893e-03  1.84272800e-05 -5.39958000e-06]
 [ 1.84272800e-05  9.64257203e-04  2.95891167e-06]
 [-5.39958000e-06  2.95891167e-06  4.63078682e-04]]
Iteration 6
Error: 0.0007915265016687088
[[ 4.44748616e-03  2.41916285e-05 -4.06001554e-06]
 [ 2.41916285e-05  8.45854749e-04  3.99330979e-06]
 [-4.06001554e-06  3.99330979e-06  4.06344028e-04]]
Iteration 7
Error: 0.0005761716109259339
[[ 4.01155355e-03  2.91527111e-05 -2.78759874e-06]
 [ 2.91527111e-05  7.60309281e-04  4.58529319e-06]
 [-2.78759874e-06  4.58529319e-06  3.65301458e-04]]
Iteration 8
Error: 0.0004381564189720885
[[ 3.68050505e-03  3.34700846e-05 -1.55100288e-06]
 [ 3.34700846e-05  6.95818198e-04  4.85145063e-06]
 [-1.55100288e-06  4.85145063e-06  3.34324877e-04]]
Iteration 9
Error: 0.0003440633534704164
[[ 3.42078655e-03  3.72842994e-05 -3.50051575e-07]
 [ 3.72842994e-05  6.45666599e-04  4.88170838e-06]
 [-3.50051575e-07  4.88170838e-06  3.10222470e-04]]
Iteration 10
Error: 0.00027741891894490154
[[3.21191531e-03 4.07067432e-05 8.07383193e-07]
 [4.07067432e-05 6.05738707e-04 4.74307682e-06]
 [8.07383193e-07 4.74307682e-06 2.91039703e-04]]
Iteration 11
Error: 0.00022813504397839763
[[3.04064600e-03 4.38218472e-05 1.91368718e-06]
 [4.38218472e-05 5.73364418e-04 4.48487146e-06]
 [1.91368718e-06 4.48487146e-06 2.75507487e-04]]
Iteration 12
Error: 0.00019053405909773443
[[2.89801377e-03 4.66923501e-05 2.96377271e-06]
 [4.66923501e-05 5.46731896e-04 4.14324051e-06]
 [2.96377271e-06 4.14324051e-06 2.62762616e-04]]
Iteration 13
Error: 0.00016115017743876007
[[2.77772111e-03 4.93645328e-05 3.95515399e-06]
 [4.93645328e-05 5.24565890e-04 3.74467772e-06]
 [3.95515399e-06 3.74467772e-06 2.52195357e-04]]
Iteration 14
Error: 0.00013772746652155978
[[2.67520497e-03 5.18725358e-05 4.88737935e-06]
 [5.18725358e-05 5.05941105e-04 3.30863788e-06]
 [4.88737935e-06 3.30863788e-06 2.43361353e-04]]
Iteration 15
Error: 0.00011874405623291909
[[2.58707118e-03 5.42416581e-05 5.76139608e-06]
 [5.42416581e-05 4.90168687e-04 2.84945002e-06]
 [5.76139608e-06 2.84945002e-06 2.35928161e-04]]
Iteration 16
Error: 0.00010314143939138144
[[2.51073772e-03 5.64907890e-05 6.57902851e-06]
 [5.64907890e-05 4.76724417e-04 2.37770590e-06]
 [6.57902851e-06 2.37770590e-06 2.29641470e-04]]
Iteration 17
Error: 9.016363558534722e-05
[[2.44420200e-03 5.86341680e-05 7.34259958e-06]
 [5.86341680e-05 4.65201744e-04 1.90126460e-06]
 [7.34259958e-06 1.90126460e-06 2.24303011e-04]]
Iteration 18
Error: 7.925805072009392e-05
[[2.38588457e-03 6.06826509e-05 8.05467601e-06]
 [6.06826509e-05 4.55280164e-04 1.42597856e-06]
 [8.05467601e-06 1.42597856e-06 2.19755657e-04]]
Iteration 19
Error: 7.001239519203573e-05
[[2.33452140e-03 6.26446187e-05 8.71790622e-06]
 [6.26446187e-05 4.46703381e-04 9.56218761e-07]
 [8.71790622e-06 9.56218761e-07 2.15873128e-04]]
Iteration 20
Error: 6.211341333600624e-05
[[2.28908792e-03 6.45266342e-05 9.33492281e-06]
 [6.45266342e-05 4.39263884e-04 4.95254835e-07]
 [9.33492281e-06 4.95254835e-07 2.12552684e-04]]
Iteration 21
Error: 5.5319207279559466e-05
[[2.24874433e-03 6.63339175e-05 9.90828785e-06]
 [6.63339175e-05 4.32791839e-04 4.55308446e-08]
 [9.90828785e-06 4.55308446e-08 2.09709862e-04]]
Iteration 22
Error: 4.9440260932326237e-05
[[ 2.21279550e-03  6.80706940e-05  1.04404651e-05]
 [ 6.80706940e-05  4.27146922e-04 -3.91134171e-07]
 [ 1.04404651e-05 -3.91134171e-07  2.07274582e-04]]
Iteration 23
Error: 4.432616496969946e-05
[[ 2.18066109e-03  6.97404505e-05  1.09338086e-05]
 [ 6.97404505e-05  4.22212238e-04 -8.13399812e-07]
 [ 1.09338086e-05 -8.13399812e-07  2.05188241e-04]]
Iteration 24
Error: 3.9856158016624876e-05
[[ 2.15185285e-03  7.13461247e-05  1.13905609e-05]
 [ 7.13461247e-05  4.17889704e-04 -1.22029693e-06]
 [ 1.13905609e-05 -1.22029693e-06  2.03401501e-04]]
Iteration 25
Error: 3.593227241545637e-05
[[ 2.12595725e-03  7.28902474e-05  1.18128562e-05]
 [ 7.28902474e-05  4.14096500e-04 -1.61114832e-06]
 [ 1.18128562e-05 -1.61114832e-06  2.01872578e-04]]
Iteration 26
Error: 3.247428957756071e-05
[[ 2.10262188e-03  7.43750478e-05  1.22027251e-05]
 [ 7.43750478e-05  4.10762313e-04 -1.98550953e-06]
 [ 1.22027251e-05 -1.98550953e-06  2.00565907e-04]]
Iteration 27
Error: 2.941597343148436e-05
[[ 2.08154483e-03  7.58025334e-05  1.25621013e-05]
 [ 7.58025334e-05  4.07827158e-04 -2.34312428e-06]
 [ 1.25621013e-05 -2.34312428e-06  1.99451091e-04]]
Iteration 28
Error: 2.6702220484981743e-05
[[ 2.06246617e-03  7.71745498e-05  1.28928267e-05]
 [ 7.71745498e-05  4.05239649e-04 -2.68389022e-06]
 [ 1.28928267e-05 -2.68389022e-06  1.98502048e-04]]
Iteration 29
Error: 2.428687669762567e-05
[[ 2.04516115e-03  7.84928245e-05  1.31966570e-05]
 [ 7.84928245e-05  4.02955599e-04 -3.00783224e-06]
 [ 1.31966570e-05 -3.00783224e-06  1.97696336e-04]]
Iteration 30
Error: 2.2131045955841785e-05
[[ 2.02943463e-03  7.97590003e-05  1.34752663e-05]
 [ 7.97590003e-05  4.00936893e-04 -3.31508126e-06]
 [ 1.34752663e-05 -3.31508126e-06  1.97014591e-04]]
Iteration 31
Error: 2.0201765541862614e-05
[[ 2.01511656e-03  8.09746595e-05  1.37302505e-05]
 [ 8.09746595e-05  3.99150558e-04 -3.60585687e-06]
 [ 1.37302505e-05 -3.60585687e-06  1.96440070e-04]]
Iteration 32
Error: 1.8470958807415087e-05
[[ 2.00205827e-03  8.21413406e-05  1.39631307e-05]
 [ 8.21413406e-05  3.97568002e-04 -3.88045299e-06]
 [ 1.39631307e-05 -3.88045299e-06  1.95958273e-04]]
Iteration 33
Error: 1.6914599548543998e-05
[[ 1.99012937e-03  8.32605510e-05  1.41753562e-05]
 [ 8.32605510e-05  3.96164370e-04 -4.13922560e-06]
 [ 1.41753562e-05 -4.13922560e-06  1.95556620e-04]]
Iteration 34
Error: 1.5512039733248467e-05
[[ 1.97921517e-03  8.43337744e-05  1.43683059e-05]
 [ 8.43337744e-05  3.94918021e-04 -4.38258225e-06]
 [ 1.43683059e-05 -4.38258225e-06  1.95224191e-04]]
Iteration 35
Error: 1.4245464498222261e-05
[[ 1.96921450e-03  8.53624764e-05  1.45432915e-05]
 [ 8.53624764e-05  3.93810075e-04 -4.61097274e-06]
 [ 1.45432915e-05 -4.61097274e-06  1.94951493e-04]]
Iteration 36
Error: 1.3099447200611435e-05
[[ 1.96003792e-03  8.63481067e-05  1.47015584e-05]
 [ 8.63481067e-05  3.92824040e-04 -4.82488097e-06]
 [ 1.47015584e-05 -4.82488097e-06  1.94730274e-04]]
Iteration 37
Error: 1.2060583794871633e-05
[[ 1.95160613e-03  8.72921007e-05  1.48442880e-05]
 [ 8.72921007e-05  3.91945484e-04 -5.02481767e-06]
 [ 1.48442880e-05 -5.02481767e-06  1.94553356e-04]]
Iteration 38
Error: 1.1117190594930467e-05
[[ 1.94384869e-03  8.81958786e-05  1.49725993e-05]
 [ 8.81958786e-05  3.91161769e-04 -5.21131379e-06]
 [ 1.49725993e-05 -5.21131379e-06  1.94414492e-04]]
Iteration 39
Error: 1.0259053055605066e-05
[[ 1.93670288e-03  8.90608451e-05  1.50875505e-05]
 [ 8.90608451e-05  3.90461809e-04 -5.38491475e-06]
 [ 1.50875505e-05 -5.38491475e-06  1.94308249e-04]]
Iteration 40
Error: 9.477215899202334e-06
[[ 1.93011273e-03  8.98883871e-05  1.51901412e-05]
 [ 8.98883871e-05  3.89835876e-04 -5.54617517e-06]
 [ 1.51901412e-05 -5.54617517e-06  1.94229901e-04]]
Iteration 41
Error: 8.763806959065074e-06
[[ 1.92402821e-03  9.06798724e-05  1.52813137e-05]
 [ 9.06798724e-05  3.89275422e-04 -5.69565421e-06]
 [ 1.52813137e-05 -5.69565421e-06  1.94175341e-04]]
Iteration 42
Error: 8.111888680342831e-06
[[ 1.91840451e-03  9.14366471e-05  1.53619553e-05]
 [ 9.14366471e-05  3.88772928e-04 -5.83391151e-06]
 [ 1.53619553e-05 -5.83391151e-06  1.94140996e-04]]
Iteration 43
Error: 7.515332430765234e-06
[[ 1.91320140e-03  9.21600338e-05  1.54329001e-05]
 [ 9.21600338e-05  3.88321779e-04 -5.96150354e-06]
 [ 1.54329001e-05 -5.96150354e-06  1.94123767e-04]]
Iteration 44
Error: 6.968711718523355e-06
[[ 1.90838273e-03  9.28513293e-05  1.54949311e-05]
 [ 9.28513293e-05  3.87916150e-04 -6.07898049e-06]
 [ 1.54949311e-05 -6.07898049e-06  1.94120964e-04]]
Iteration 45
Error: 6.485789701153009e-06
[[ 1.90391592e-03  9.35118028e-05  1.55487819e-05]
 [ 9.35118028e-05  3.87550906e-04 -6.18688350e-06]
 [ 1.55487819e-05 -6.18688350e-06  1.94130253e-04]]
Iteration 46
Error: 6.045274823607431e-06
[[ 1.89977161e-03  9.41426941e-05  1.55951393e-05]
 [ 9.41426941e-05  3.87221519e-04 -6.28574240e-06]
 [ 1.55951393e-05 -6.28574240e-06  1.94149616e-04]]
Iteration 47
Error: 5.638290255989839e-06
[[ 1.89592325e-03  9.47452120e-05  1.56346448e-05]
 [ 9.47452120e-05  3.86923993e-04 -6.37607375e-06]
 [ 1.56346448e-05 -6.37607375e-06  1.94177307e-04]]
Iteration 48
Error: 5.261906270070298e-06
[[ 1.89234681e-03  9.53205329e-05  1.56678973e-05]
 [ 9.53205329e-05  3.86654800e-04 -6.45837927e-06]
 [ 1.56678973e-05 -6.45837927e-06  1.94211818e-04]]
Iteration 49
Error: 4.913491758314994e-06
[[ 1.88902050e-03  9.58698000e-05  1.56954546e-05]
 [ 9.58698000e-05  3.86410824e-04 -6.53314451e-06]
 [ 1.56954546e-05 -6.53314451e-06  1.94251851e-04]]
Iteration 50
Error: 4.590678900310132e-06
[[ 1.88592457e-03  9.63941222e-05  1.57178360e-05]
 [ 9.63941222e-05  3.86189310e-04 -6.60083788e-06]
 [ 1.57178360e-05 -6.60083788e-06  1.94296287e-04]]
Iteration 51
Error: 4.2913325759946335e-06
[[ 1.88304103e-03  9.68945734e-05  1.57355237e-05]
 [ 9.68945734e-05  3.85987820e-04 -6.66190991e-06]
 [ 1.57355237e-05 -6.66190991e-06  1.94344166e-04]]
Iteration 52
Error: 4.01352381914724e-06
[[ 1.88035351e-03  9.73721924e-05  1.57489655e-05]
 [ 9.73721924e-05  3.85804197e-04 -6.71679271e-06]
 [ 1.57489655e-05 -6.71679271e-06  1.94394668e-04]]
Iteration 53
Error: 3.7555067192709813e-06
[[ 1.87784711e-03  9.78279823e-05  1.57585762e-05]
 [ 9.78279823e-05  3.85636533e-04 -6.76589964e-06]
 [ 1.57585762e-05 -6.76589964e-06  1.94447092e-04]]
Iteration 54
Error: 3.515698274351961e-06
[[ 1.87550819e-03  9.82629107e-05  1.57647397e-05]
 [ 9.82629107e-05  3.85483135e-04 -6.80962520e-06]
 [ 1.57647397e-05 -6.80962520e-06  1.94500839e-04]]
Iteration 55
Error: 3.292660775325356e-06
[[ 1.87332431e-03  9.86779100e-05  1.57678109e-05]
 [ 9.86779100e-05  3.85342504e-04 -6.84834501e-06]
 [ 1.57678109e-05 -6.84834501e-06  1.94555403e-04]]
Iteration 56
Error: 3.085086367845684e-06
[[ 1.87128406e-03  9.90738771e-05  1.57681172e-05]
 [ 9.90738771e-05  3.85213309e-04 -6.88241597e-06]
 [ 1.57681172e-05 -6.88241597e-06  1.94610358e-04]]
Iteration 57
Error: 2.9004101527231855e-06
[[ 1.86937700e-03  9.94516746e-05  1.57659606e-05]
 [ 9.94516746e-05  3.85094369e-04 -6.91217650e-06]
 [ 1.57659606e-05 -6.91217650e-06  1.94665345e-04]]
Iteration 58
Error: 2.72903220941164e-06
[[ 1.86759356e-03  9.98121306e-05  1.57616188e-05]
 [ 9.98121306e-05  3.84984638e-04 -6.93794690e-06]
 [ 1.57616188e-05 -6.93794690e-06  1.94720062e-04]]
Iteration 59
Error: 2.5688236834180704e-06
[[ 1.86592492e-03  1.00156040e-04  1.57553472e-05]
 [ 1.00156040e-04  3.84883182e-04 -6.96002977e-06]
 [ 1.57553472e-05 -6.96002977e-06  1.94774262e-04]]
Iteration 60
Error: 2.41895962370446e-06
[[ 1.86436299e-03  1.00484164e-04  1.57473802e-05]
 [ 1.00484164e-04  3.84789175e-04 -6.97871049e-06]
 [ 1.57473802e-05 -6.97871049e-06  1.94827739e-04]]
Iteration 61
Error: 2.2786857018246437e-06
[[ 1.86290031e-03  1.00797234e-04  1.57379327e-05]
 [ 1.00797234e-04  3.84701878e-04 -6.99425780e-06]
 [ 1.57379327e-05 -6.99425780e-06  1.94880328e-04]]
Iteration 62
Error: 2.147311170521626e-06
[[ 1.86153003e-03  1.01095947e-04  1.57272012e-05]
 [ 1.01095947e-04  3.84620637e-04 -7.00692432e-06]
 [ 1.57272012e-05 -7.00692432e-06  1.94931894e-04]]
Iteration 63
Error: 2.0242026262162526e-06
[[ 1.86024581e-03  1.01380972e-04  1.57153654e-05]
 [ 1.01380972e-04  3.84544867e-04 -7.01694723e-06]
 [ 1.57153654e-05 -7.01694723e-06  1.94982331e-04]]
Iteration 64
Error: 1.908778473105756e-06
[[ 1.85904178e-03  1.01652948e-04  1.57025890e-05]
 [ 1.01652948e-04  3.84474047e-04 -7.02454884e-06]
 [ 1.57025890e-05 -7.02454884e-06  1.95031559e-04]]
Iteration 65
Error: 1.8005040009536287e-06
[[ 1.85791256e-03  1.01912486e-04  1.56890213e-05]
 [ 1.01912486e-04  3.84407714e-04 -7.02993725e-06]
 [ 1.56890213e-05 -7.02993725e-06  1.95079515e-04]]
Iteration 66
Error: 1.6988870003687806e-06
[[ 1.85685313e-03  1.02160169e-04  1.56747978e-05]
 [ 1.02160169e-04  3.84345451e-04 -7.03330701e-06]
 [ 1.56747978e-05 -7.03330701e-06  1.95126156e-04]]
Iteration 67
Error: 1.6034738498669944e-06
[[ 1.85585886e-03  1.02396554e-04  1.56600416e-05]
 [ 1.02396554e-04  3.84286890e-04 -7.03483977e-06]
 [ 1.56600416e-05 -7.03483977e-06  1.95171453e-04]]
Iteration 68
Error: 1.514385557268259e-06
[[ 1.85492546e-03  1.02622172e-04  1.56448639e-05]
 [ 1.02622172e-04  3.84231698e-04 -7.03470489e-06]
 [ 1.56448639e-05 -7.03470489e-06  1.95215389e-04]]
Iteration 69
Error: 1.4361961472182198e-06
[[ 1.85404895e-03  1.02837529e-04  1.56293654e-05]
 [ 1.02837529e-04  3.84179579e-04 -7.03306008e-06]
 [ 1.56293654e-05 -7.03306008e-06  1.95257960e-04]]
Iteration 70
Error: 1.3624612385891634e-06
[[ 1.85322564e-03  1.03043108e-04  1.56136368e-05]
 [ 1.03043108e-04  3.84130269e-04 -7.03005206e-06]
 [ 1.56136368e-05 -7.03005206e-06  1.95299167e-04]]
Iteration 71
Error: 1.2928916909766672e-06
[[ 1.85245210e-03  1.03239372e-04  1.55977593e-05]
 [ 1.03239372e-04  3.84083529e-04 -7.02581711e-06]
 [ 1.55977593e-05 -7.02581711e-06  1.95339021e-04]]
Iteration 72
Error: 1.2272203651668155e-06
[[ 1.85172513e-03  1.03426757e-04  1.55818061e-05]
 [ 1.03426757e-04  3.84039146e-04 -7.02048169e-06]
 [ 1.55818061e-05 -7.02048169e-06  1.95377538e-04]]
Iteration 73
Error: 1.1652001499282607e-06
[[ 1.85104176e-03  1.03605683e-04  1.55658424e-05]
 [ 1.03605683e-04  3.83996928e-04 -7.01416298e-06]
 [ 1.55658424e-05 -7.01416298e-06  1.95414740e-04]]
Iteration 74
Error: 1.1066021925374662e-06
[[ 1.85039924e-03  1.03776548e-04  1.55499262e-05]
 [ 1.03776548e-04  3.83956705e-04 -7.00696946e-06]
 [ 1.55499262e-05 -7.00696946e-06  1.95450650e-04]]
Iteration 75
Error: 1.0512143096576672e-06
[[ 1.84979500e-03  1.03939731e-04  1.55341091e-05]
 [ 1.03939731e-04  3.83918320e-04 -6.99900143e-06]
 [ 1.55341091e-05 -6.99900143e-06  1.95485298e-04]]
Iteration 76
Error: 9.98839558162252e-07
[[ 1.84922663e-03  1.04095593e-04  1.55184364e-05]
 [ 1.04095593e-04  3.83881634e-04 -6.99035146e-06]
 [ 1.55184364e-05 -6.99035146e-06  1.95518714e-04]]
Iteration 77
Error: 9.492949479118656e-07
[[ 1.84869190e-03  1.04244479e-04  1.55029482e-05]
 [ 1.04244479e-04  3.83846523e-04 -6.98110497e-06]
 [ 1.55029482e-05 -6.98110497e-06  1.95550930e-04]]
Iteration 78
Error: 9.02410280671349e-07
[[ 1.84818873e-03  1.04386715e-04  1.54876793e-05]
 [ 1.04386715e-04  3.83812871e-04 -6.97134057e-06]
 [ 1.54876793e-05 -6.97134057e-06  1.95581979e-04]]
Iteration 79
Error: 8.580271013483898e-07
[[ 1.84771517e-03  1.04522614e-04  1.54726601e-05]
 [ 1.04522614e-04  3.83780578e-04 -6.96113062e-06]
 [ 1.54726601e-05 -6.96113062e-06  1.95611898e-04]]
Iteration 80
Error: 8.159977492662399e-07
[[ 1.84726940e-03  1.04652472e-04  1.54579165e-05]
 [ 1.04652472e-04  3.83749551e-04 -6.95054153e-06]
 [ 1.54579165e-05 -6.95054153e-06  1.95640720e-04]]
Iteration 81
Error: 7.761844987327815e-07
[[ 1.84684973e-03  1.04776571e-04  1.54434709e-05]
 [ 1.04776571e-04  3.83719705e-04 -6.93963425e-06]
 [ 1.54434709e-05 -6.93963425e-06  1.95668481e-04]]
Iteration 82
Error: 7.384587793754468e-07
[[ 1.84645456e-03  1.04895180e-04  1.54293420e-05]
 [ 1.04895180e-04  3.83690966e-04 -6.92846457e-06]
 [ 1.54293420e-05 -6.92846457e-06  1.95695217e-04]]
Iteration 83
Error: 7.027004678531148e-07
[[ 1.84608242e-03  1.05008555e-04  1.54155453e-05]
 [ 1.05008555e-04  3.83663262e-04 -6.91708351e-06]
 [ 1.54155453e-05 -6.91708351e-06  1.95720962e-04]]
Iteration 84
Error: 6.687972434724442e-07
[[ 1.84573190e-03  1.05116939e-04  1.54020936e-05]
 [ 1.05116939e-04  3.83636533e-04 -6.90553764e-06]
 [ 1.54020936e-05 -6.90553764e-06  1.95745751e-04]]
Iteration 85
Error: 6.366440012046421e-07
[[ 1.84540172e-03  1.05220563e-04  1.53889970e-05]
 [ 1.05220563e-04  3.83610721e-04 -6.89386939e-06]
 [ 1.53889970e-05 -6.89386939e-06  1.95769619e-04]]
Iteration 86
Error: 6.061423161933698e-07
[[ 1.84509064e-03  1.05319649e-04  1.53762632e-05]
 [ 1.05319649e-04  3.83585773e-04 -6.88211736e-06]
 [ 1.53762632e-05 -6.88211736e-06  1.95792599e-04]]
Iteration 87
Error: 5.77199954573508e-07
[[ 1.84479754e-03  1.05414405e-04  1.53638978e-05]
 [ 1.05414405e-04  3.83561643e-04 -6.87031659e-06]
 [ 1.53638978e-05 -6.87031659e-06  1.95814723e-04]]
Iteration 88
Error: 5.497304261063103e-07
[[ 1.84452134e-03  1.05505032e-04  1.53519047e-05]
 [ 1.05505032e-04  3.83538286e-04 -6.85849878e-06]
 [ 1.53519047e-05 -6.85849878e-06  1.95836023e-04]]
Iteration 89
Error: 5.236525743649626e-07
[[ 1.84426105e-03  1.05591719e-04  1.53402859e-05]
 [ 1.05591719e-04  3.83515664e-04 -6.84669259e-06]
 [ 1.53402859e-05 -6.84669259e-06  1.95856531e-04]]
Iteration 90
Error: 4.988902010037599e-07
[[ 1.84401571e-03  1.05674647e-04  1.53290419e-05]
 [ 1.05674647e-04  3.83493739e-04 -6.83492386e-06]
 [ 1.53290419e-05 -6.83492386e-06  1.95876277e-04]]
Iteration 91
Error: 4.7537172071062384e-07
[[ 1.84378445e-03  1.05753989e-04  1.53181718e-05]
 [ 1.05753989e-04  3.83472478e-04 -6.82321579e-06]
 [ 1.53181718e-05 -6.82321579e-06  1.95895290e-04]]
Iteration 92
Error: 4.530298440162427e-07
[[ 1.84356644e-03  1.05829907e-04  1.53076737e-05]
 [ 1.05829907e-04  3.83451850e-04 -6.81158915e-06]
 [ 1.53076737e-05 -6.81158915e-06  1.95913598e-04]]
Iteration 93
Error: 4.318012854087723e-07
[[ 1.84336091e-03  1.05902560e-04  1.52975444e-05]
 [ 1.05902560e-04  3.83431827e-04 -6.80006251e-06]
 [ 1.52975444e-05 -6.80006251e-06  1.95931228e-04]]
Iteration 94
Error: 4.116264942732581e-07
[[ 1.84316713e-03  1.05972093e-04  1.52877799e-05]
 [ 1.05972093e-04  3.83412381e-04 -6.78865234e-06]
 [ 1.52877799e-05 -6.78865234e-06  1.95948207e-04]]
Iteration 95
Error: 3.9244940677031263e-07
[[ 1.84298440e-03  1.06038650e-04  1.52783753e-05]
 [ 1.06038650e-04  3.83393490e-04 -6.77737323e-06]
 [ 1.52783753e-05 -6.77737323e-06  1.95964560e-04]]
Iteration 96
Error: 3.7421721662848694e-07
[[ 1.84281210e-03  1.06102365e-04  1.52693252e-05]
 [ 1.06102365e-04  3.83375130e-04 -6.76623803e-06]
 [ 1.52693252e-05 -6.76623803e-06  1.95980311e-04]]
Iteration 97
Error: 3.5688016326900756e-07
[[ 1.84264961e-03  1.06163366e-04  1.52606232e-05]
 [ 1.06163366e-04  3.83357280e-04 -6.75525797e-06]
 [ 1.52606232e-05 -6.75525797e-06  1.95995485e-04]]
Iteration 98
Error: 3.4039133571620253e-07
[[ 1.84249636e-03  1.06221775e-04  1.52522628e-05]
 [ 1.06221775e-04  3.83339921e-04 -6.74444282e-06]
 [ 1.52522628e-05 -6.74444282e-06  1.96010104e-04]]
Iteration 99
Error: 3.247064909043721e-07
[[ 1.84235183e-03  1.06277709e-04  1.52442367e-05]
 [ 1.06277709e-04  3.83323034e-04 -6.73380099e-06]
 [ 1.52442367e-05 -6.73380099e-06  1.96024189e-04]]
Iteration 100
Error: 3.0978388524280863e-07
[[ 1.84221551e-03  1.06331278e-04  1.52365375e-05]
 [ 1.06331278e-04  3.83306602e-04 -6.72333965e-06]
 [ 1.52365375e-05 -6.72333965e-06  1.96037761e-04]]
Iteration 101
Error: 2.955841182241363e-07
[[ 1.84208693e-03  1.06382588e-04  1.52291573e-05]
 [ 1.06382588e-04  3.83290610e-04 -6.71306484e-06]
 [ 1.52291573e-05 -6.71306484e-06  1.96050841e-04]]
Iteration 102
Error: 2.820699871780572e-07
[[ 1.84196564e-03  1.06431740e-04  1.52220881e-05]
 [ 1.06431740e-04  3.83275042e-04 -6.70298157e-06]
 [ 1.52220881e-05 -6.70298157e-06  1.96063448e-04]]
Iteration 103
Error: 2.692063521699674e-07
[[ 1.84185123e-03  1.06478830e-04  1.52153216e-05]
 [ 1.06478830e-04  3.83259885e-04 -6.69309389e-06]
 [ 1.52153216e-05 -6.69309389e-06  1.96075600e-04]]
Iteration 104
Error: 2.5696001029141473e-07
[[ 1.84174331e-03  1.06523949e-04  1.52088495e-05]
 [ 1.06523949e-04  3.83245124e-04 -6.68340500e-06]
 [ 1.52088495e-05 -6.68340500e-06  1.96087315e-04]]
Iteration 105
Error: 2.4529957857157017e-07
[[ 1.84164150e-03  1.06567184e-04  1.52026632e-05]
 [ 1.06567184e-04  3.83230748e-04 -6.67391733e-06]
 [ 1.52026632e-05 -6.67391733e-06  1.96098610e-04]]
Iteration 106
Error: 2.3419538482439134e-07
[[ 1.84154545e-03  1.06608618e-04  1.51967541e-05]
 [ 1.06608618e-04  3.83216745e-04 -6.66463257e-06]
 [ 1.51967541e-05 -6.66463257e-06  1.96109501e-04]]
Iteration 107
Error: 2.2361936582547735e-07
[[ 1.84145485e-03  1.06648330e-04  1.51911138e-05]
 [ 1.06648330e-04  3.83203103e-04 -6.65555179e-06]
 [ 1.51911138e-05 -6.65555179e-06  1.96120005e-04]]
Iteration 108
Error: 2.1354497226287819e-07
[[ 1.84136937e-03  1.06686396e-04  1.51857337e-05]
 [ 1.06686396e-04  3.83189811e-04 -6.64667548e-06]
 [ 1.51857337e-05 -6.64667548e-06  1.96130135e-04]]
Iteration 109
Error: 2.0394707994960362e-07
[[ 1.84128873e-03  1.06722889e-04  1.51806051e-05]
 [ 1.06722889e-04  3.83176861e-04 -6.63800358e-06]
 [ 1.51806051e-05 -6.63800358e-06  1.96139906e-04]]
Iteration 110
Error: 1.9480190678653717e-07
[[ 1.84121265e-03  1.06757876e-04  1.51757198e-05]
 [ 1.06757876e-04  3.83164240e-04 -6.62953558e-06]
 [ 1.51757198e-05 -6.62953558e-06  1.96149333e-04]]
Iteration 111
Error: 1.8608693512325552e-07
[[ 1.84114089e-03  1.06791423e-04  1.51710692e-05]
 [ 1.06791423e-04  3.83151942e-04 -6.62127053e-06]
 [ 1.51710692e-05 -6.62127053e-06  1.96158428e-04]]
Iteration 112
Error: 1.7778083907403647e-07
[[ 1.84107318e-03  1.06823593e-04  1.51666451e-05]
 [ 1.06823593e-04  3.83139956e-04 -6.61320713e-06]
 [ 1.51666451e-05 -6.61320713e-06  1.96167204e-04]]
Iteration 113
Error: 1.698634164311399e-07
[[ 1.84100931e-03  1.06854445e-04  1.51624394e-05]
 [ 1.06854445e-04  3.83128274e-04 -6.60534371e-06]
 [ 1.51624394e-05 -6.60534371e-06  1.96175672e-04]]
Iteration 114
Error: 1.6231552486407366e-07
[[ 1.84094906e-03  1.06884036e-04  1.51584440e-05]
 [ 1.06884036e-04  3.83116889e-04 -6.59767831e-06]
 [ 1.51584440e-05 -6.59767831e-06  1.96183846e-04]]
Iteration 115
Error: 1.551190221117882e-07
[[ 1.84089222e-03  1.06912421e-04  1.51546510e-05]
 [ 1.06912421e-04  3.83105792e-04 -6.59020870e-06]
 [ 1.51546510e-05 -6.59020870e-06  1.96191735e-04]]
Iteration 116
Error: 1.482567098430014e-07
[[ 1.84083861e-03  1.06939651e-04  1.51510528e-05]
 [ 1.06939651e-04  3.83094975e-04 -6.58293243e-06]
 [ 1.51510528e-05 -6.58293243e-06  1.96199351e-04]]
Iteration 117
Error: 1.4171228099928238e-07
[[ 1.84078803e-03  1.06965776e-04  1.51476418e-05]
 [ 1.06965776e-04  3.83084432e-04 -6.57584683e-06]
 [ 1.51476418e-05 -6.57584683e-06  1.96206704e-04]]
Iteration 118
Error: 1.3547027029279447e-07
[[ 1.84074033e-03  1.06990843e-04  1.51444105e-05]
 [ 1.06990843e-04  3.83074156e-04 -6.56894907e-06]
 [ 1.51444105e-05 -6.56894907e-06  1.96213803e-04]]
Iteration 119
Error: 1.2951600774425432e-07
[[ 1.84069534e-03  1.07014898e-04  1.51413518e-05]
 [ 1.07014898e-04  3.83064140e-04 -6.56223615e-06]
 [ 1.51413518e-05 -6.56223615e-06  1.96220659e-04]]
Iteration 120
Error: 1.2383557498895593e-07
[[ 1.84065290e-03  1.07037983e-04  1.51384587e-05]
 [ 1.07037983e-04  3.83054377e-04 -6.55570495e-06]
 [ 1.51384587e-05 -6.55570495e-06  1.96227279e-04]]
Iteration 121
Error: 1.1841576418484589e-07
[[ 1.84061289e-03  1.07060139e-04  1.51357244e-05]
 [ 1.07060139e-04  3.83044861e-04 -6.54935223e-06]
 [ 1.51357244e-05 -6.54935223e-06  1.96233673e-04]]
Iteration 122
Error: 1.1324403936056013e-07
[[ 1.84057515e-03  1.07081406e-04  1.51331421e-05]
 [ 1.07081406e-04  3.83035586e-04 -6.54317467e-06]
 [ 1.51331421e-05 -6.54317467e-06  1.96239849e-04]]
Iteration 123
Error: 1.0830850001732204e-07
[[ 1.84053956e-03  1.07101822e-04  1.51307055e-05]
 [ 1.07101822e-04  3.83026546e-04 -6.53716886e-06]
 [ 1.51307055e-05 -6.53716886e-06  1.96245816e-04]]
Iteration 124
Error: 1.035978468962449e-07
[[ 1.84050601e-03  1.07121422e-04  1.51284082e-05]
 [ 1.07121422e-04  3.83017736e-04 -6.53133136e-06]
 [ 1.51284082e-05 -6.53133136e-06  1.96251580e-04]]
Iteration 125
Error: 9.910134969011009e-08
[[ 1.84047437e-03  1.07140241e-04  1.51262443e-05]
 [ 1.07140241e-04  3.83009149e-04 -6.52565865e-06]
 [ 1.51262443e-05 -6.52565865e-06  1.96257149e-04]]
Iteration 126
Error: 9.480881665387993e-08
[[ 1.84044455e-03  1.07158310e-04  1.51242078e-05]
 [ 1.07158310e-04  3.83000780e-04 -6.52014721e-06]
 [ 1.51242078e-05 -6.52014721e-06  1.96262530e-04]]
Iteration 127
Error: 9.071056594190565e-08
[[ 1.84041644e-03  1.07175663e-04  1.51222931e-05]
 [ 1.07175663e-04  3.82992625e-04 -6.51479348e-06]
 [ 1.51222931e-05 -6.51479348e-06  1.96267730e-04]]
Iteration 128
Error: 8.679739857454228e-08
[[ 1.84038994e-03  1.07192328e-04  1.51204946e-05]
 [ 1.07192328e-04  3.82984677e-04 -6.50959390e-06]
 [ 1.51204946e-05 -6.50959390e-06  1.96272756e-04]]
Iteration 129
Error: 8.306057296932821e-08
[[ 1.84036497e-03  1.07208335e-04  1.51188071e-05]
 [ 1.07208335e-04  3.82976932e-04 -6.50454490e-06]
 [ 1.51188071e-05 -6.50454490e-06  1.96277613e-04]]
Iteration 130
Error: 7.949178088417034e-08
[[ 1.84034143e-03  1.07223710e-04  1.51172254e-05]
 [ 1.07223710e-04  3.82969385e-04 -6.49964292e-06]
 [ 1.51172254e-05 -6.49964292e-06  1.96282308e-04]]
Iteration 131
Error: 7.60831246983653e-08
[[ 1.84031926e-03  1.07238479e-04  1.51157446e-05]
 [ 1.07238479e-04  3.82962032e-04 -6.49488443e-06]
 [ 1.51157446e-05 -6.49488443e-06  1.96286847e-04]]
Iteration 132
Error: 7.282709602968639e-08
[[ 1.84029837e-03  1.07252669e-04  1.51143599e-05]
 [ 1.07252669e-04  3.82954867e-04 -6.49026591e-06]
 [ 1.51143599e-05 -6.49026591e-06  1.96291234e-04]]
Iteration 133
Error: 6.971655545586759e-08
[[ 1.84027869e-03  1.07266302e-04  1.51130667e-05]
 [ 1.07266302e-04  3.82947886e-04 -6.48578387e-06]
 [ 1.51130667e-05 -6.48578387e-06  1.96295476e-04]]
Iteration 134
Error: 6.674471342550152e-08
[[ 1.84026016e-03  1.07279402e-04  1.51118607e-05]
 [ 1.07279402e-04  3.82941086e-04 -6.48143486e-06]
 [ 1.51118607e-05 -6.48143486e-06  1.96299578e-04]]
Iteration 135
Error: 6.390511217253579e-08
[[ 1.84024271e-03  1.07291991e-04  1.51107375e-05]
 [ 1.07291991e-04  3.82934460e-04 -6.47721545e-06]
 [ 1.51107375e-05 -6.47721545e-06  1.96303544e-04]]
Iteration 136
Error: 6.119160866172203e-08
[[ 1.84022628e-03  1.07304089e-04  1.51096930e-05]
 [ 1.07304089e-04  3.82928006e-04 -6.47312229e-06]
 [ 1.51096930e-05 -6.47312229e-06  1.96307379e-04]]
Iteration 137
Error: 5.85983584538783e-08
[[ 1.84021081e-03  1.07315717e-04  1.51087235e-05]
 [ 1.07315717e-04  3.82921718e-04 -6.46915203e-06]
 [ 1.51087235e-05 -6.46915203e-06  1.96311087e-04]]
Iteration 138
Error: 5.611980042239587e-08
[[ 1.84019626e-03  1.07326894e-04  1.51078250e-05]
 [ 1.07326894e-04  3.82915594e-04 -6.46530141e-06]
 [ 1.51078250e-05 -6.46530141e-06  1.96314674e-04]]
Iteration 139
Error: 5.37506423357661e-08
[[ 1.84018256e-03  1.07337637e-04  1.51069939e-05]
 [ 1.07337637e-04  3.82909629e-04 -6.46156720e-06]
 [ 1.51069939e-05 -6.46156720e-06  1.96318144e-04]]
Iteration 140
Error: 5.1485847207497095e-08
[[ 1.84016967e-03  1.07347966e-04  1.51062268e-05]
 [ 1.07347966e-04  3.82903820e-04 -6.45794622e-06]
 [ 1.51062268e-05 -6.45794622e-06  1.96321499e-04]]
Iteration 141
Error: 4.932062035814961e-08
[[ 1.84015755e-03  1.07357896e-04  1.51055204e-05]
 [ 1.07357896e-04  3.82898162e-04 -6.45443538e-06]
 [ 1.51055204e-05 -6.45443538e-06  1.96324745e-04]]
Iteration 142
Error: 4.72503971871205e-08
[[ 1.84014615e-03  1.07367444e-04  1.51048715e-05]
 [ 1.07367444e-04  3.82892652e-04 -6.45103161e-06]
 [ 1.51048715e-05 -6.45103161e-06  1.96327885e-04]]
Iteration 143
Error: 4.527083160533377e-08
[[ 1.84013543e-03  1.07376625e-04  1.51042769e-05]
 [ 1.07376625e-04  3.82887286e-04 -6.44773192e-06]
 [ 1.51042769e-05 -6.44773192e-06  1.96330923e-04]]
Iteration 144
Error: 4.337778506401925e-08
[[ 1.84012536e-03  1.07385454e-04  1.51037338e-05]
 [ 1.07385454e-04  3.82882062e-04 -6.44453337e-06]
 [ 1.51037338e-05 -6.44453337e-06  1.96333862e-04]]
Iteration 145
Error: 4.1567316174530476e-08
[[ 1.84011589e-03  1.07393944e-04  1.51032394e-05]
 [ 1.07393944e-04  3.82876975e-04 -6.44143310e-06]
 [ 1.51032394e-05 -6.44143310e-06  1.96336706e-04]]
Iteration 146
Error: 3.9835670870621155e-08
[[ 1.84010700e-03  1.07402111e-04  1.51027910e-05]
 [ 1.07402111e-04  3.82872021e-04 -6.43842828e-06]
 [ 1.51027910e-05 -6.43842828e-06  1.96339457e-04]]
Iteration 147
Error: 3.817927308160273e-08
[[ 1.84009865e-03  1.07409966e-04  1.51023861e-05]
 [ 1.07409966e-04  3.82867199e-04 -6.43551618e-06]
 [ 1.51023861e-05 -6.43551618e-06  1.96342120e-04]]
Iteration 148
Error: 3.659471591815512e-08
[[ 1.84009081e-03  1.07417522e-04  1.51020222e-05]
 [ 1.07417522e-04  3.82862505e-04 -6.43269411e-06]
 [ 1.51020222e-05 -6.43269411e-06  1.96344696e-04]]
Iteration 149
Error: 3.507875330210806e-08
[[ 1.84008346e-03  1.07424792e-04  1.51016969e-05]
 [ 1.07424792e-04  3.82857935e-04 -6.42995945e-06]
 [ 1.51016969e-05 -6.42995945e-06  1.96347190e-04]]
Iteration 150
Error: 3.3628292001793714e-08
[[ 1.84007655e-03  1.07431785e-04  1.51014080e-05]
 [ 1.07431785e-04  3.82853486e-04 -6.42730963e-06]
 [ 1.51014080e-05 -6.42730963e-06  1.96349603e-04]]
Iteration 151
Error: 3.2240384152710134e-08
[[ 1.84007008e-03  1.07438514e-04  1.51011535e-05]
 [ 1.07438514e-04  3.82849156e-04 -6.42474215e-06]
 [ 1.51011535e-05 -6.42474215e-06  1.96351938e-04]]
Iteration 152
Error: 3.091222009001658e-08
[[ 1.84006401e-03  1.07444989e-04  1.51009312e-05]
 [ 1.07444989e-04  3.82844941e-04 -6.42225459e-06]
 [ 1.51009312e-05 -6.42225459e-06  1.96354198e-04]]
Iteration 153
Error: 2.9641121601175794e-08
[[ 1.84005833e-03  1.07451219e-04  1.51007393e-05]
 [ 1.07451219e-04  3.82840839e-04 -6.41984456e-06]
 [ 1.51007393e-05 -6.41984456e-06  1.96356386e-04]]
Iteration 154
Error: 2.8424535486452053e-08
[[ 1.84005300e-03  1.07457216e-04  1.51005759e-05]
 [ 1.07457216e-04  3.82836847e-04 -6.41750974e-06]
 [ 1.51005759e-05 -6.41750974e-06  1.96358503e-04]]
Iteration 155
Error: 2.7260027498339644e-08
[[ 1.84004801e-03  1.07462986e-04  1.51004392e-05]
 [ 1.07462986e-04  3.82832963e-04 -6.41524789e-06]
 [ 1.51004392e-05 -6.41524789e-06  1.96360553e-04]]
Iteration 156
Error: 2.614527652541959e-08
[[ 1.84004335e-03  1.07468541e-04  1.51003276e-05]
 [ 1.07468541e-04  3.82829182e-04 -6.41305681e-06]
 [ 1.51003276e-05 -6.41305681e-06  1.96362537e-04]]
Iteration 157
Error: 2.5078069145178847e-08
[[ 1.84003898e-03  1.07473887e-04  1.51002394e-05]
 [ 1.07473887e-04  3.82825504e-04 -6.41093436e-06]
 [ 1.51002394e-05 -6.41093436e-06  1.96364458e-04]]
Iteration 158
Error: 2.4056294377144353e-08
[[ 1.84003490e-03  1.07479034e-04  1.51001733e-05]
 [ 1.07479034e-04  3.82821924e-04 -6.40887845e-06]
 [ 1.51001733e-05 -6.40887845e-06  1.96366318e-04]]
Iteration 159
Error: 2.307793878149976e-08
[[ 1.84003109e-03  1.07483989e-04  1.51001276e-05]
 [ 1.07483989e-04  3.82818442e-04 -6.40688707e-06]
 [ 1.51001276e-05 -6.40688707e-06  1.96368118e-04]]
Iteration 160
Error: 2.214108173616355e-08
[[ 1.84002753e-03  1.07488759e-04  1.51001012e-05]
 [ 1.07488759e-04  3.82815054e-04 -6.40495825e-06]
 [ 1.51001012e-05 -6.40495825e-06  1.96369861e-04]]
Iteration 161
Error: 2.124389098248503e-08
[[ 1.84002421e-03  1.07493352e-04  1.51000926e-05]
 [ 1.07493352e-04  3.82811758e-04 -6.40309007e-06]
 [ 1.51000926e-05 -6.40309007e-06  1.96371549e-04]]
Iteration 162
Error: 2.041671679620326e-08
[[ 1.84002111e-03  1.07497775e-04  1.51001006e-05]
 [ 1.07497775e-04  3.82808552e-04 -6.40128067e-06]
 [ 1.51001006e-05 -6.40128067e-06  1.96373183e-04]]
Iteration 163
Error: 1.9655541890142242e-08
[[ 1.84001823e-03  1.07502034e-04  1.51001241e-05]
 [ 1.07502034e-04  3.82805433e-04 -6.39952825e-06]
 [ 1.51001241e-05 -6.39952825e-06  1.96374765e-04]]
Iteration 164
Error: 1.892458754182186e-08
[[ 1.84001554e-03  1.07506135e-04  1.51001619e-05]
 [ 1.07506135e-04  3.82802399e-04 -6.39783104e-06]
 [ 1.51001619e-05 -6.39783104e-06  1.96376297e-04]]
Iteration 165
Error: 1.8222565366197437e-08
[[ 1.84001305e-03  1.07510085e-04  1.51002130e-05]
 [ 1.07510085e-04  3.82799448e-04 -6.39618735e-06]
 [ 1.51002130e-05 -6.39618735e-06  1.96377780e-04]]
Iteration 166
Error: 1.7548246240527008e-08
[[ 1.84001072e-03  1.07513890e-04  1.51002765e-05]
 [ 1.07513890e-04  3.82796577e-04 -6.39459550e-06]
 [ 1.51002765e-05 -6.39459550e-06  1.96379216e-04]]
Iteration 167
Error: 1.690045732393342e-08
[[ 1.84000857e-03  1.07517554e-04  1.51003513e-05]
 [ 1.07517554e-04  3.82793786e-04 -6.39305391e-06]
 [ 1.51003513e-05 -6.39305391e-06  1.96380607e-04]]
Iteration 168
Error: 1.627807929081008e-08
[[ 1.84000657e-03  1.07521084e-04  1.51004366e-05]
 [ 1.07521084e-04  3.82791071e-04 -6.39156099e-06]
 [ 1.51004366e-05 -6.39156099e-06  1.96381954e-04]]
Iteration 169
Error: 1.5680043689433404e-08
[[ 1.84000471e-03  1.07524485e-04  1.51005315e-05]
 [ 1.07524485e-04  3.82788431e-04 -6.39011524e-06]
 [ 1.51005315e-05 -6.39011524e-06  1.96383259e-04]]
Iteration 170
Error: 1.5105330480701926e-08
[[ 1.84000300e-03  1.07527761e-04  1.51006352e-05]
 [ 1.07527761e-04  3.82785864e-04 -6.38871519e-06]
 [ 1.51006352e-05 -6.38871519e-06  1.96384522e-04]]
Iteration 171
Error: 1.4552965628913695e-08
[[ 1.84000141e-03  1.07530918e-04  1.51007469e-05]
 [ 1.07530918e-04  3.82783368e-04 -6.38735940e-06]
 [ 1.51007469e-05 -6.38735940e-06  1.96385746e-04]]
Iteration 172
Error: 1.4022018912319948e-08
[[ 1.83999995e-03  1.07533959e-04  1.51008661e-05]
 [ 1.07533959e-04  3.82780941e-04 -6.38604649e-06]
 [ 1.51008661e-05 -6.38604649e-06  1.96386931e-04]]
Iteration 173
Error: 1.3511601774634504e-08
[[ 1.83999860e-03  1.07536889e-04  1.51009919e-05]
 [ 1.07536889e-04  3.82778581e-04 -6.38477511e-06]
 [ 1.51009919e-05 -6.38477511e-06  1.96388079e-04]]
Iteration 174
Error: 1.3020865300542015e-08
[[ 1.83999736e-03  1.07539713e-04  1.51011238e-05]
 [ 1.07539713e-04  3.82776286e-04 -6.38354397e-06]
 [ 1.51011238e-05 -6.38354397e-06  1.96389190e-04]]
Iteration 175
Error: 1.254899836643869e-08
[[ 1.83999622e-03  1.07542435e-04  1.51012611e-05]
 [ 1.07542435e-04  3.82774055e-04 -6.38235180e-06]
 [ 1.51012611e-05 -6.38235180e-06  1.96390267e-04]]
Iteration 176
Error: 1.209522575500811e-08
[[ 1.83999518e-03  1.07545058e-04  1.51014033e-05]
 [ 1.07545058e-04  3.82771887e-04 -6.38119737e-06]
 [ 1.51014033e-05 -6.38119737e-06  1.96391310e-04]]
Iteration 177
Error: 1.1658806504374341e-08
[[ 1.83999422e-03  1.07547586e-04  1.51015498e-05]
 [ 1.07547586e-04  3.82769779e-04 -6.38007949e-06]
 [ 1.51015498e-05 -6.38007949e-06  1.96392320e-04]]
Iteration 178
Error: 1.1239032253580617e-08
[[ 1.83999335e-03  1.07550023e-04  1.51017002e-05]
 [ 1.07550023e-04  3.82767729e-04 -6.37899701e-06]
 [ 1.51017002e-05 -6.37899701e-06  1.96393299e-04]]
Iteration 179
Error: 1.0835225683925053e-08
[[ 1.83999256e-03  1.07552371e-04  1.51018540e-05]
 [ 1.07552371e-04  3.82765737e-04 -6.37794882e-06]
 [ 1.51018540e-05 -6.37794882e-06  1.96394247e-04]]
Iteration 180
Error: 1.0446739086843079e-08
[[ 1.83999184e-03  1.07554636e-04  1.51020107e-05]
 [ 1.07554636e-04  3.82763801e-04 -6.37693382e-06]
 [ 1.51020107e-05 -6.37693382e-06  1.96395165e-04]]
Iteration 181
Error: 1.0072952944276828e-08
[[ 1.83999118e-03  1.07556819e-04  1.51021700e-05]
 [ 1.07556819e-04  3.82761919e-04 -6.37595098e-06]
 [ 1.51021700e-05 -6.37595098e-06  1.96396054e-04]]
Convergence reached in 182 iterations
[[ 1.83999060e-03  1.07558923e-04  1.51023314e-05]
 [ 1.07558923e-04  3.82760090e-04 -6.37499928e-06]
 [ 1.51023314e-05 -6.37499928e-06  1.96396916e-04]]

Abamson correction active
Local covariance matrices saved in nb_10.cov.npy
Local coefficients
[0.89933152 0.7176311  1.05197912 0.9855137  0.64834993 1.90165158
 0.65666615 2.0384778  1.12316431 0.88924239 1.59937393 0.64681155
 0.68617413 2.97536088 0.78949495 1.36701628 1.03474968 1.46264312
 1.06055802 1.22283294 0.6935729  0.60236182 0.70720592 1.28741335
 2.13162403 1.1169907  1.07843879 1.08450353 1.18436284 0.96991553
 0.79901802 0.75664995 0.98087706 1.40100165 0.6051575  0.90201001
 2.16938833 0.86702159 0.65614773 0.71870862 1.01796236 1.88064516
 0.79690844 3.8859313  1.90172022 1.43553713 0.97834552 0.74247136
 1.12196843 1.0930521  0.86529986 0.68946551 1.58869107 1.36630266
 0.69639238 1.0651103  1.79773697 0.73476672 0.78561531 0.72167466
 0.95747085 3.54230458 0.72841739 0.88828862 0.83839361 0.6302586
 1.37052865 1.27332592 1.24739108 0.80624436 0.92983689 0.65385637
 0.660119   1.29623022 1.07006348 1.0504167  0.87888051 1.01266137
 1.61501404 0.83343496 0.88317365 0.91229719 1.35823512 0.98156871
 0.66075539 0.7616342  0.84914941 1.28185038 0.63078974 1.75852089
 1.6255878  2.12981343 0.62656333 1.07228437 0.85627392 0.62810739
 1.73117526 0.91906891 1.91373625 0.84774279 2.07965421 0.65501605
 1.0513056  3.83172647 0.85047313 1.13367701 1.26898677 0.60993476
 0.78019193 0.66939663 2.65808046 1.42665511 0.92981744 0.71845281
 1.63001239 0.76795604 1.0895197  0.79866991 0.72922823 0.90423733
 0.79774103 0.77071311 0.7223121  0.81240387 3.29037006 0.58974118
 3.61861899 1.22689349 0.81818596 0.81103581 1.31386334 0.82976628
 0.70245862 0.85863733 1.00942032 0.81423808 1.28648091 0.84903749
 1.57140549 1.28524326 1.06220798 0.73132868 0.7809591  0.62659492
 0.86510547 0.61596159 2.06476763 0.77159706 1.02900625 0.72996247
 0.66434542 0.87719857 1.0715535  0.75374831 0.59789539 0.69966193
 0.98243678 1.21739276 1.41365446 0.93207935 2.00519733 1.720562
 0.92692173 0.73365502 0.68963179 0.91528725 0.60090441 2.51538335
 2.6708625  0.68154148 3.02688983 0.60038114 0.73370415 1.04370111
 0.85416924 0.82635162 0.84416494 1.04802245 0.74022725 1.06297505
 0.69732178 0.69979009 0.80914601 0.66494054 1.5404134  0.83380694
 1.37249782 0.92721838 0.69283406 0.73455567 1.04902803 1.35429882
 0.77163574 0.79958954 0.66565603 0.58870012 0.62908308 1.43769912
 0.99373929 0.93341984 0.83135115 0.81417783 0.75375254 1.02818125
 0.76244852 2.62483007 1.2169689  0.87185115 0.91672008 1.19874682
 1.15234127 0.73548969 0.67209647 0.62813093 0.87149609 1.70788629
 1.64041612 1.77900015 0.86364372 0.84282683 1.42380417 0.84025248
 1.29887495 2.26067443 1.11181817 0.82911708 0.64493499 1.58250387
 0.98122437 0.70506439 1.2723139  0.8757209  1.77798226 1.39735009
 0.78716373 1.45836539 1.09676479 2.98432466 2.18180955 1.29564042
 1.6303998  1.87691664 1.36272044 2.15522177 0.73687889 3.42393904
 2.06228266 0.8420697  0.70150419 1.74865767 0.73976515 1.16926022
 1.21773531 0.90006265 0.69471899 1.98456368 1.56662772 1.2138624
 1.42278159 0.87183721 0.94309365 0.59143722 1.33409487 1.68098519
 0.59164666 1.28741287 0.64106956 3.2532882  1.0001492  0.80317426
 0.96110165 0.76266792 1.12548923 0.7345667  0.62937439 1.08021274
 0.75295437 0.86760102 0.99853683 0.72963929 1.19416116 0.80306338
 0.76447774 0.61352695 0.70443616 1.38114599 1.00100459 1.17721636
 2.20661861 0.84331532 0.81282834 0.62648831 1.31687795 0.88106564
 0.70143893 1.76043778 0.9482575  0.6979922  0.95579626 0.80876221
 0.83987117 1.06984002 0.87826457 0.79901639 0.71293087 0.97383902
 1.92905852 0.92019219 2.53401208 1.71922357 1.22138789 0.7102096
 1.41047095 0.98636452 1.07468045 1.38623009 1.64313959 0.95078941
 0.85925026 1.59252956 1.28166192 0.99641677 1.05946793 2.17167133
 0.91814211 1.48013354 0.89818285 0.74860477 1.2266711  1.56365549
 0.78134889 1.40227642 0.67152315 0.92355332 1.25067119 0.61178321
 0.80590616 0.63469662 1.32948797 0.68768679 2.06054249 2.19004836
 0.63690717 1.02652403 0.76735585 0.89476001 1.61202583 1.05486906
 1.00585433 1.19386549 2.45589886 1.06399659 0.75827121 1.04353022
