DONKEY Clustering
Number of datapoints: 639
Number of features:   3
Periodic features:    []

1. Covariance Optimisation
Convergence threshold: 1e-08

Initial guess
[[1. 0. 0.]
 [0. 1. 0.]
 [0. 0. 1.]]
Iteration 1
Error: 2.560860296280093
[[3.02652562e-01 4.15738828e-04 3.23124565e-04]
 [4.15738828e-04 1.30161817e-01 8.34999254e-06]
 [3.23124565e-04 8.34999254e-06 7.81975178e-03]]
Iteration 2
Error: 0.2077832987952989
[[1.63059154e-01 9.14173790e-04 6.07409995e-04]
 [9.14173790e-04 6.73792137e-02 1.00319261e-05]
 [6.07409995e-04 1.00319261e-05 3.98126880e-03]]
Iteration 3
Error: 0.11029438028744286
[[ 8.16993495e-02  1.38282476e-03  6.02354226e-04]
 [ 1.38282476e-03  4.07861269e-02 -3.17215706e-06]
 [ 6.02354226e-04 -3.17215706e-06  2.61360134e-03]]
Iteration 4
Error: 0.06185282476028495
[[3.57629072e-02 1.23621448e-03 4.14233348e-04]
 [1.23621448e-03 2.62617309e-02 4.05006859e-06]
 [4.14233348e-04 4.05006859e-06 1.90552164e-03]]
Iteration 5
Error: 0.029408658880568737
[[1.58295686e-02 7.59869701e-04 2.17427387e-04]
 [7.59869701e-04 1.85536276e-02 2.74758888e-06]
 [2.17427387e-04 2.74758888e-06 1.48721103e-03]]
Iteration 6
Error: 0.012194248949827716
[[ 8.73354542e-03  4.94647386e-04  1.61194859e-04]
 [ 4.94647386e-04  1.43847202e-02 -1.27440329e-05]
 [ 1.61194859e-04 -1.27440329e-05  1.23178560e-03]]
Iteration 7
Error: 0.005818017297554299
[[ 5.93025210e-03  3.41279977e-04  1.47322734e-04]
 [ 3.41279977e-04  1.18961305e-02 -2.94696614e-05]
 [ 1.47322734e-04 -2.94696614e-05  1.07358166e-03]]
Iteration 8
Error: 0.003307270441623831
[[ 4.56484533e-03  2.33142279e-04  1.43246827e-04]
 [ 2.33142279e-04  1.03047401e-02 -4.19719791e-05]
 [ 1.43246827e-04 -4.19719791e-05  9.72540279e-04]]
Iteration 9
Error: 0.002078320266595377
[[ 3.79376660e-03  1.52156864e-04  1.42455790e-04]
 [ 1.52156864e-04  9.24582185e-03 -5.12428362e-05]
 [ 1.42455790e-04 -5.12428362e-05  9.06311584e-04]]
Iteration 10
Error: 0.0013881882919222937
[[ 3.31535786e-03  8.91648508e-05  1.43474161e-04]
 [ 8.91648508e-05  8.52300454e-03 -5.87382330e-05]
 [ 1.43474161e-04 -5.87382330e-05  8.62360901e-04]]
Iteration 11
Error: 0.0009661607643841546
[[ 2.99969698e-03  3.84213847e-05  1.45770785e-04]
 [ 3.84213847e-05  8.02087478e-03 -6.53129269e-05]
 [ 1.45770785e-04 -6.53129269e-05  8.33220342e-04]]
Iteration 12
Error: 0.0006924085813765389
[[ 2.78240594e-03 -3.75486606e-06  1.49000075e-04]
 [-3.75486606e-06  7.66774575e-03 -7.13712508e-05]
 [ 1.49000075e-04 -7.13712508e-05  8.14159573e-04]]
Iteration 13
Error: 0.0005079663179480346
[[ 2.62815497e-03 -3.97352004e-05  1.52877282e-04]
 [-3.97352004e-05  7.41726346e-03 -7.70697038e-05]
 [ 1.52877282e-04 -7.70697038e-05  8.02038503e-04]]
Iteration 14
Error: 0.00038015114324463074
[[ 2.51604756e-03 -7.10584897e-05  1.57162722e-04]
 [-7.10584897e-05  7.23851997e-03 -8.24448115e-05]
 [ 1.57162722e-04 -8.24448115e-05  7.94705925e-04]]
Iteration 15
Error: 0.0002895969354477009
[[ 2.43301734e-03 -9.87344910e-05  1.61660069e-04]
 [-9.87344910e-05  7.11042369e-03 -8.74836181e-05]
 [ 1.61660069e-04 -8.74836181e-05  7.90659806e-04]]
Iteration 16
Error: 0.0002242465371509851
[[ 2.37054448e-03 -1.23437357e-04  1.66213992e-04]
 [-1.23437357e-04  7.01833486e-03 -9.21599698e-05]
 [ 1.66213992e-04 -9.21599698e-05  7.88841241e-04]]
Iteration 17
Error: 0.00017631093083323945
[[ 2.32289230e-03 -1.45629517e-04  1.70706051e-04]
 [-1.45629517e-04  6.95196740e-03 -9.64516361e-05]
 [ 1.70706051e-04 -9.64516361e-05  7.88501720e-04]]
Iteration 18
Error: 0.00014184016486058011
[[ 0.0022861  -0.00016564  0.00017505]
 [-0.00016564  0.00690403 -0.00010035]
 [ 0.00017505 -0.00010035  0.00078911]]
Iteration 19
Error: 0.00011604054329876617
[[ 0.00225738 -0.00018372  0.00017918]
 [-0.00018372  0.00686933 -0.00010385]
 [ 0.00017918 -0.00010385  0.00079031]]
Iteration 20
Error: 9.603858045884538e-05
[[ 0.00223472 -0.00020006  0.00018307]
 [-0.00020006  0.00684416 -0.00010696]
 [ 0.00018307 -0.00010696  0.00079183]]
Iteration 21
Error: 8.030343891407142e-05
[[ 0.00221668 -0.00021482  0.00018669]
 [-0.00021482  0.00682583 -0.00010971]
 [ 0.00018669 -0.00010971  0.0007935 ]]
Iteration 22
Error: 6.775281667661693e-05
[[ 0.00220219 -0.00022815  0.00019003]
 [-0.00022815  0.00681244 -0.00011212]
 [ 0.00019003 -0.00011212  0.00079521]]
Iteration 23
Error: 5.761199247979266e-05
[[ 0.00219044 -0.00024018  0.0001931 ]
 [-0.00024018  0.00680261 -0.00011421]
 [ 0.0001931  -0.00011421  0.00079688]]
Iteration 24
Error: 4.931978235017079e-05
[[ 0.00218086 -0.00025101  0.00019589]
 [-0.00025101  0.00679535 -0.00011603]
 [ 0.00019589 -0.00011603  0.00079847]]
Iteration 25
Error: 4.246488405733082e-05
[[ 0.00217297 -0.00026076  0.00019843]
 [-0.00026076  0.00678995 -0.00011759]
 [ 0.00019843 -0.00011759  0.00079995]]
Iteration 26
Error: 3.674227178559312e-05
[[ 0.00216644 -0.00026953  0.00020073]
 [-0.00026953  0.00678589 -0.00011892]
 [ 0.00020073 -0.00011892  0.00080131]]
Iteration 27
Error: 3.192301703802569e-05
[[ 0.002161   -0.0002774   0.0002028 ]
 [-0.0002774   0.00678282 -0.00012006]
 [ 0.0002028  -0.00012006  0.00080254]]
Iteration 28
Error: 2.783320939554935e-05
[[ 0.00215644 -0.00028447  0.00020466]
 [-0.00028447  0.00678045 -0.00012103]
 [ 0.00020466 -0.00012103  0.00080365]]
Iteration 29
Error: 2.4339107681677172e-05
[[ 0.0021526  -0.0002908   0.00020634]
 [-0.0002908   0.0067786  -0.00012185]
 [ 0.00020634 -0.00012185  0.00080465]]
Iteration 30
Error: 2.1336594503253484e-05
[[ 0.00214934 -0.00029648  0.00020783]
 [-0.00029648  0.00677714 -0.00012255]
 [ 0.00020783 -0.00012255  0.00080554]]
Iteration 31
Error: 1.8743626604415754e-05
[[ 0.00214658 -0.00030156  0.00020917]
 [-0.00030156  0.00677597 -0.00012313]
 [ 0.00020917 -0.00012313  0.00080633]]
Iteration 32
Error: 1.6494785991853778e-05
[[ 0.00214421 -0.00030611  0.00021037]
 [-0.00030611  0.00677501 -0.00012362]
 [ 0.00021037 -0.00012362  0.00080703]]
Iteration 33
Error: 1.4537314451893953e-05
[[ 0.00214219 -0.00031018  0.00021144]
 [-0.00031018  0.00677422 -0.00012403]
 [ 0.00021144 -0.00012403  0.00080765]]
Iteration 34
Error: 1.2828202658748229e-05
[[ 0.00214044 -0.00031382  0.00021239]
 [-0.00031382  0.00677355 -0.00012437]
 [ 0.00021239 -0.00012437  0.0008082 ]]
Iteration 35
Error: 1.133203414124817e-05
[[ 0.00213894 -0.00031707  0.00021324]
 [-0.00031707  0.00677297 -0.00012465]
 [ 0.00021324 -0.00012465  0.00080869]]
Iteration 36
Error: 1.0019373319406204e-05
[[ 0.00213764 -0.00031998  0.000214  ]
 [-0.00031998  0.00677248 -0.00012489]
 [ 0.000214   -0.00012489  0.00080912]]
Iteration 37
Error: 8.865548495109944e-06
[[ 0.00213651 -0.00032258  0.00021467]
 [-0.00032258  0.00677205 -0.00012508]
 [ 0.00021467 -0.00012508  0.00080949]]
Iteration 38
Error: 7.849723691208453e-06
[[ 0.00213553 -0.0003249   0.00021527]
 [-0.0003249   0.00677168 -0.00012524]
 [ 0.00021527 -0.00012524  0.00080983]]
Iteration 39
Error: 6.954183392716691e-06
[[ 0.00213467 -0.00032697  0.0002158 ]
 [-0.00032697  0.00677134 -0.00012537]
 [ 0.0002158  -0.00012537  0.00081012]]
Iteration 40
Error: 6.163775502010375e-06
[[ 0.00213393 -0.00032882  0.00021628]
 [-0.00032882  0.00677105 -0.00012548]
 [ 0.00021628 -0.00012548  0.00081038]]
Iteration 41
Error: 5.465472883434358e-06
[[ 0.00213328 -0.00033047  0.0002167 ]
 [-0.00033047  0.00677078 -0.00012556]
 [ 0.0002167  -0.00012556  0.00081061]]
Iteration 42
Error: 4.8480246001003364e-06
[[ 0.0021327  -0.00033194  0.00021707]
 [-0.00033194  0.00677055 -0.00012563]
 [ 0.00021707 -0.00012563  0.00081082]]
Iteration 43
Error: 4.3016756253049e-06
[[ 0.0021322  -0.00033326  0.0002174 ]
 [-0.00033326  0.00677034 -0.00012569]
 [ 0.0002174  -0.00012569  0.000811  ]]
Iteration 44
Error: 3.81793933880133e-06
[[ 0.00213176 -0.00033444  0.0002177 ]
 [-0.00033444  0.00677015 -0.00012573]
 [ 0.0002177  -0.00012573  0.00081116]]
Iteration 45
Error: 3.389411116746458e-06
[[ 0.00213138 -0.00033548  0.00021796]
 [-0.00033548  0.00676998 -0.00012577]
 [ 0.00021796 -0.00012577  0.0008113 ]]
Iteration 46
Error: 3.0096142354151868e-06
[[ 0.00213103 -0.00033642  0.00021819]
 [-0.00033642  0.00676982 -0.0001258 ]
 [ 0.00021819 -0.0001258   0.00081142]]
Iteration 47
Error: 2.672871438638648e-06
[[ 0.00213073 -0.00033725  0.0002184 ]
 [-0.00033725  0.00676968 -0.00012582]
 [ 0.0002184  -0.00012582  0.00081153]]
Iteration 48
Error: 2.3741970892875728e-06
[[ 0.00213047 -0.000338    0.00021858]
 [-0.000338    0.00676956 -0.00012583]
 [ 0.00021858 -0.00012583  0.00081163]]
Iteration 49
Error: 2.1092059881146707e-06
[[ 0.00213024 -0.00033866  0.00021874]
 [-0.00033866  0.00676945 -0.00012584]
 [ 0.00021874 -0.00012584  0.00081172]]
Iteration 50
Error: 1.8740358129257207e-06
[[ 0.00213003 -0.00033926  0.00021889]
 [-0.00033926  0.00676935 -0.00012585]
 [ 0.00021889 -0.00012585  0.0008118 ]]
Iteration 51
Error: 1.6652807843848703e-06
[[ 0.00212985 -0.00033979  0.00021902]
 [-0.00033979  0.00676926 -0.00012586]
 [ 0.00021902 -0.00012586  0.00081186]]
Iteration 52
Error: 1.4799346606983693e-06
[[ 0.00212968 -0.00034026  0.00021913]
 [-0.00034026  0.00676918 -0.00012586]
 [ 0.00021913 -0.00012586  0.00081193]]
Iteration 53
Error: 1.3153415420735911e-06
[[ 0.00212954 -0.00034068  0.00021923]
 [-0.00034068  0.00676911 -0.00012586]
 [ 0.00021923 -0.00012586  0.00081198]]
Iteration 54
Error: 1.169955822432516e-06
[[ 0.00212941 -0.00034105  0.00021932]
 [-0.00034105  0.00676904 -0.00012586]
 [ 0.00021932 -0.00012586  0.00081203]]
Iteration 55
Error: 1.044286948860898e-06
[[ 0.0021293  -0.00034139  0.0002194 ]
 [-0.00034139  0.00676898 -0.00012586]
 [ 0.0002194  -0.00012586  0.00081207]]
Iteration 56
Error: 9.320818228860154e-07
[[ 0.0021292  -0.00034169  0.00021947]
 [-0.00034169  0.00676893 -0.00012586]
 [ 0.00021947 -0.00012586  0.00081211]]
Iteration 57
Error: 8.319018163779413e-07
[[ 0.00212911 -0.00034195  0.00021953]
 [-0.00034195  0.00676889 -0.00012586]
 [ 0.00021953 -0.00012586  0.00081214]]
Iteration 58
Error: 7.424619304722537e-07
[[ 0.00212903 -0.00034219  0.00021959]
 [-0.00034219  0.00676884 -0.00012585]
 [ 0.00021959 -0.00012585  0.00081217]]
Iteration 59
Error: 6.626142611644635e-07
[[ 0.00212896 -0.0003424   0.00021964]
 [-0.0003424   0.00676881 -0.00012585]
 [ 0.00021964 -0.00012585  0.0008122 ]]
Iteration 60
Error: 5.913333032350363e-07
[[ 0.0021289  -0.00034259  0.00021968]
 [-0.00034259  0.00676877 -0.00012585]
 [ 0.00021968 -0.00012585  0.00081222]]
Iteration 61
Error: 5.277028685904276e-07
[[ 0.00212884 -0.00034276  0.00021972]
 [-0.00034276  0.00676874 -0.00012584]
 [ 0.00021972 -0.00012584  0.00081224]]
Iteration 62
Error: 4.7090442808220495e-07
[[ 0.00212879 -0.00034291  0.00021975]
 [-0.00034291  0.00676872 -0.00012584]
 [ 0.00021975 -0.00012584  0.00081226]]
Iteration 63
Error: 4.2020671274522765e-07
[[ 0.00212875 -0.00034305  0.00021978]
 [-0.00034305  0.00676869 -0.00012584]
 [ 0.00021978 -0.00012584  0.00081228]]
Iteration 64
Error: 3.7495643133358004e-07
[[ 0.00212871 -0.00034317  0.00021981]
 [-0.00034317  0.00676867 -0.00012583]
 [ 0.00021981 -0.00012583  0.00081229]]
Iteration 65
Error: 3.3456998065176146e-07
[[ 0.00212868 -0.00034327  0.00021983]
 [-0.00034327  0.00676866 -0.00012583]
 [ 0.00021983 -0.00012583  0.00081231]]
Iteration 66
Error: 2.9852603869033904e-07
[[ 0.00212865 -0.00034337  0.00021985]
 [-0.00034337  0.00676864 -0.00012583]
 [ 0.00021985 -0.00012583  0.00081232]]
Iteration 67
Error: 2.663589454118733e-07
[[ 0.00212862 -0.00034345  0.00021987]
 [-0.00034345  0.00676862 -0.00012582]
 [ 0.00021987 -0.00012582  0.00081233]]
Iteration 68
Error: 2.3765278569950988e-07
[[ 0.00212859 -0.00034353  0.00021989]
 [-0.00034353  0.00676861 -0.00012582]
 [ 0.00021989 -0.00012582  0.00081234]]
Iteration 69
Error: 2.1203609964375904e-07
[[ 0.00212857 -0.0003436   0.0002199 ]
 [-0.0003436   0.0067686  -0.00012582]
 [ 0.0002199  -0.00012582  0.00081235]]
Iteration 70
Error: 1.891771531401876e-07
[[ 0.00212855 -0.00034366  0.00021992]
 [-0.00034366  0.00676859 -0.00012581]
 [ 0.00021992 -0.00012581  0.00081235]]
Iteration 71
Error: 1.6877970929028577e-07
[[ 0.00212853 -0.00034371  0.00021993]
 [-0.00034371  0.00676858 -0.00012581]
 [ 0.00021993 -0.00012581  0.00081236]]
Iteration 72
Error: 1.505792477422504e-07
[[ 0.00212852 -0.00034376  0.00021994]
 [-0.00034376  0.00676857 -0.00012581]
 [ 0.00021994 -0.00012581  0.00081237]]
Iteration 73
Error: 1.3433958450195273e-07
[[ 0.00212851 -0.0003438   0.00021995]
 [-0.0003438   0.00676856 -0.00012581]
 [ 0.00021995 -0.00012581  0.00081237]]
Iteration 74
Error: 1.1984985000441928e-07
[[ 0.00212849 -0.00034384  0.00021995]
 [-0.00034384  0.00676856 -0.0001258 ]
 [ 0.00021995 -0.0001258   0.00081238]]
Iteration 75
Error: 1.069217876297217e-07
[[ 0.00212848 -0.00034387  0.00021996]
 [-0.00034387  0.00676855 -0.0001258 ]
 [ 0.00021996 -0.0001258   0.00081238]]
Iteration 76
Error: 9.538733893548054e-08
[[ 0.00212847 -0.00034391  0.00021997]
 [-0.00034391  0.00676855 -0.0001258 ]
 [ 0.00021997 -0.0001258   0.00081238]]
Iteration 77
Error: 8.50964851962263e-08
[[ 0.00212846 -0.00034393  0.00021997]
 [-0.00034393  0.00676854 -0.0001258 ]
 [ 0.00021997 -0.0001258   0.00081239]]
Iteration 78
Error: 7.591531843464169e-08
[[ 0.00212845 -0.00034396  0.00021998]
 [-0.00034396  0.00676854 -0.0001258 ]
 [ 0.00021998 -0.0001258   0.00081239]]
Iteration 79
Error: 6.77243176210973e-08
[[ 0.00212845 -0.00034398  0.00021998]
 [-0.00034398  0.00676853 -0.0001258 ]
 [ 0.00021998 -0.0001258   0.00081239]]
Iteration 80
Error: 6.041680824749908e-08
[[ 0.00212844 -0.000344    0.00021999]
 [-0.000344    0.00676853 -0.0001258 ]
 [ 0.00021999 -0.0001258   0.0008124 ]]
Iteration 81
Error: 5.389758615256075e-08
[[ 0.00212844 -0.00034401  0.00021999]
 [-0.00034401  0.00676853 -0.00012579]
 [ 0.00021999 -0.00012579  0.0008124 ]]
Iteration 82
Error: 4.808168785000325e-08
[[ 0.00212843 -0.00034403  0.00021999]
 [-0.00034403  0.00676853 -0.00012579]
 [ 0.00021999 -0.00012579  0.0008124 ]]
Iteration 83
Error: 4.289329235410621e-08
[[ 0.00212843 -0.00034404  0.00022   ]
 [-0.00034404  0.00676852 -0.00012579]
 [ 0.00022    -0.00012579  0.0008124 ]]
Iteration 84
Error: 3.8264740036156146e-08
[[ 0.00212842 -0.00034406  0.00022   ]
 [-0.00034406  0.00676852 -0.00012579]
 [ 0.00022    -0.00012579  0.0008124 ]]
Iteration 85
Error: 3.413565630362063e-08
[[ 0.00212842 -0.00034407  0.00022   ]
 [-0.00034407  0.00676852 -0.00012579]
 [ 0.00022    -0.00012579  0.0008124 ]]
Iteration 86
Error: 3.045216928827029e-08
[[ 0.00212842 -0.00034408  0.00022   ]
 [-0.00034408  0.00676852 -0.00012579]
 [ 0.00022    -0.00012579  0.00081241]]
Iteration 87
Error: 2.7166210821193745e-08
[[ 0.00212841 -0.00034408  0.00022   ]
 [-0.00034408  0.00676852 -0.00012579]
 [ 0.00022    -0.00012579  0.00081241]]
Iteration 88
Error: 2.4234892698335106e-08
[[ 0.00212841 -0.00034409  0.00022   ]
 [-0.00034409  0.00676852 -0.00012579]
 [ 0.00022    -0.00012579  0.00081241]]
Iteration 89
Error: 2.1619949358889744e-08
[[ 0.00212841 -0.0003441   0.00022001]
 [-0.0003441   0.00676852 -0.00012579]
 [ 0.00022001 -0.00012579  0.00081241]]
Iteration 90
Error: 1.9287240681463685e-08
[[ 0.00212841 -0.00034411  0.00022001]
 [-0.00034411  0.00676851 -0.00012579]
 [ 0.00022001 -0.00012579  0.00081241]]
Iteration 91
Error: 1.720630788369648e-08
[[ 0.0021284  -0.00034411  0.00022001]
 [-0.00034411  0.00676851 -0.00012579]
 [ 0.00022001 -0.00012579  0.00081241]]
Iteration 92
Error: 1.5349977157191538e-08
[[ 0.0021284  -0.00034412  0.00022001]
 [-0.00034412  0.00676851 -0.00012579]
 [ 0.00022001 -0.00012579  0.00081241]]
Iteration 93
Error: 1.3694005884269927e-08
[[ 0.0021284  -0.00034412  0.00022001]
 [-0.00034412  0.00676851 -0.00012579]
 [ 0.00022001 -0.00012579  0.00081241]]
Iteration 94
Error: 1.2216766929139776e-08
[[ 0.0021284  -0.00034412  0.00022001]
 [-0.00034412  0.00676851 -0.00012579]
 [ 0.00022001 -0.00012579  0.00081241]]
Iteration 95
Error: 1.0898966609589316e-08
[[ 0.0021284  -0.00034413  0.00022001]
 [-0.00034413  0.00676851 -0.00012579]
 [ 0.00022001 -0.00012579  0.00081241]]
Convergence reached in 96 iterations
[[ 0.0021284  -0.00034413  0.00022001]
 [-0.00034413  0.00676851 -0.00012579]
 [ 0.00022001 -0.00012579  0.00081241]]

Abamson correction active
Local covariance matrices saved in nb_120.cov.npy
Local coefficients
[0.55530753 0.37738635 1.82817784 0.71012437 1.56616626 0.45386918
 0.70553115 1.81349385 0.55424735 0.53698213 0.97269378 1.70186853
 2.55454656 1.59898734 2.27195259 0.58896361 0.70379678 0.49562877
 0.45117969 0.40111714 0.49891858 1.81013814 1.21681884 0.40778536
 1.06790998 1.26451261 0.8435221  2.09936264 1.12038028 0.50320063
 1.97137314 0.56191329 2.14821462 1.25321978 0.59567293 0.43317325
 0.70818015 2.30979049 2.6216951  2.64677253 0.36716092 0.42596549
 1.55255739 2.02051021 1.62188364 1.59494989 0.50343768 1.0640549
 0.36310284 0.68220452 0.38922731 0.80057342 2.40267695 0.47562085
 1.689321   0.42212099 0.9483853  0.43800432 0.37868154 2.91932143
 0.46053401 2.49978466 2.82133921 2.05282939 2.01110716 0.37576338
 1.0550568  2.6622308  0.40933356 2.08711882 0.63451816 0.63372324
 1.55346412 2.47097163 2.08150983 1.81590398 2.99140089 0.42330037
 1.51252614 0.5446349  0.4757498  0.37623283 0.55070945 0.76714909
 0.63703716 0.57001075 2.11951924 1.61720433 0.53510322 1.30530859
 0.49434228 1.43835366 1.78812318 2.20071666 2.1423474  1.28708473
 1.07950747 0.38211173 0.62707868 0.57186477 0.56896258 1.47978875
 2.13700279 0.43486225 1.21971539 0.9300946  0.50770311 1.71888607
 1.67530514 0.60923366 2.64755414 1.83706503 1.40161633 2.58328906
 1.89083695 0.50630322 0.89281749 1.70309369 0.79976985 0.40453816
 0.71262504 1.6901112  2.30851121 1.14776623 0.50676874 2.86532776
 1.17061516 1.46666602 0.45373682 2.01321051 0.46437521 1.52363505
 1.88333897 0.38547549 0.57072228 0.48679401 1.66683488 0.46844647
 2.15167888 0.59086137 2.74768311 1.74150379 2.00893567 2.65802617
 1.02950046 2.00571228 2.25539805 2.55938413 1.06346144 1.02622067
 2.36469425 1.40284523 1.09347452 0.73606478 2.22705734 0.63453067
 0.45558986 1.96094895 1.59008997 0.51567169 1.35831695 0.59519983
 0.38957434 1.36887009 1.15361179 1.74363992 0.49740331 2.07943754
 3.0249248  0.36930083 0.53445751 0.41387827 0.90737502 0.45651918
 2.0813604  0.60531646 0.5017304  1.75209476 2.83023323 1.81508702
 1.06209661 1.08440554 1.17668964 0.36054397 0.50691523 2.10606585
 2.58209769 0.46071907 1.46041261 2.27893114 0.45994775 0.37805343
 3.05260355 1.89017764 0.66089072 1.41425298 1.09627823 0.92318064
 1.97821512 1.21476688 0.59973861 2.68182417 1.99177618 0.57667232
 2.00260922 1.65958798 1.05641259 0.37944956 0.53992032 0.90854471
 1.5188977  0.42089961 0.50972468 0.39504662 2.15587347 1.40499087
 0.53050113 1.4051237  1.6883006  0.85182134 1.32143302 0.36009499
 2.71120817 1.49091949 1.16840344 0.4325767  1.74321565 1.26912042
 0.54930711 2.59525587 0.37434878 1.92057719 0.57915393 2.41765952
 0.60853424 0.57340511 1.72331835 0.36818974 0.49741872 2.92231879
 1.27968029 1.02558479 1.84287696 0.79916721 2.03941145 2.20416841
 1.58107218 1.26696454 0.44644778 0.38645303 1.82753312 0.45737854
 1.16366342 0.49642995 2.90418843 1.4504858  0.61839297 0.47222073
 1.82644902 1.70313793 1.57728136 0.58570228 0.57378422 1.95605765
 0.43225868 1.52656731 0.41075396 1.17132976 0.8887716  2.54351991
 0.37520464 0.3713586  1.58505334 1.29167325 2.45067721 0.46240457
 0.56540782 0.62566036 0.40472777 0.58934694 1.75433982 1.02663042
 2.12194589 0.64310824 1.21634636 0.40090178 0.82512313 0.83628916
 1.78383113 0.39636475 0.56247802 1.80560923 0.40614039 2.81294509
 2.380582   2.95354813 1.87151063 0.39654205 1.14488887 0.4824938
 1.31663971 0.89831683 1.9522731  1.04134945 1.69817035 1.79293743
 1.43952106 0.4069319  2.29555169 1.50392207 2.52964257 0.50849634
 0.61079016 0.4341021  2.58400062 0.68010787 1.00679726 0.6087779
 0.37096511 2.37253    2.57647282 1.01700896 1.01104769 1.46929747
 2.43226476 2.57177255 1.81259451 0.74124837 1.20226466 0.65519713
 2.16351795 0.62232348 0.58653724 0.4532547  0.48993129 0.70052993
 0.44408016 2.32057996 2.44050434 0.81805915 0.72015611 0.39159098
 0.4291527  1.5628783  0.64763755 0.53035876 0.62161627 1.68279947
 0.376092   0.59094423 1.1873408  1.02690213 1.39448865 1.90380756
 2.35482771 2.31340596 3.01254145 1.37914226 0.60880132 1.77130798
 2.92778715 2.33987229 0.50022074 0.63226096 1.39563643 1.19440906
 1.43832752 1.86311145 0.60492771 1.53395239 1.00801373 2.29101155
 0.48127912 0.4411429  1.88662799 0.57966897 0.49178583 0.43467743
 2.71445262 0.67641651 2.08298988 1.59540825 1.16167471 1.6901847
 0.8854959  0.45636415 0.49554935 0.43448275 0.99703066 0.4209111
 1.8296898  0.60346192 0.45211274 0.37501738 0.53523304 0.38316757
 1.42520491 1.62142328 0.98633079 0.51856881 0.36985514 0.39034608
 0.73005794 0.45186169 2.02679319 0.9562921  0.39954624 0.51722018
 0.55345197 0.39023684 0.5309658  1.70669037 1.66312693 0.61586334
 2.312789   1.74435368 1.67842777 1.6802967  1.60334311 0.49695077
 1.35129085 0.66939065 1.2531888  2.32687527 2.21554184 1.28085801
 2.13010124 0.68576135 1.86516354 0.42971052 2.52248452 1.64012211
 0.58324583 0.42419175 0.4471589  1.13100061 0.72084508 1.56854397
 1.16543507 2.11471225 0.73719183 0.98709904 1.14072337 0.61369512
 1.22975342 0.47036691 2.39056911 0.70132449 0.46761131 2.47930341
 2.88186536 0.38392386 0.40005034 0.45793629 0.52746717 2.02937205
 1.47809025 1.0873714  0.42100731 1.91730699 2.12623347 0.36676885
 1.30461625 1.09082154 1.56774981 1.50271939 2.16676638 1.11884765
 0.80265545 1.94895101 1.77913421 1.3115515  0.60819378 0.51529583
 2.46920641 0.68492233 1.45299925 0.75712701 0.70125524 0.51400703
 0.47825061 2.74060792 0.52903859 1.63151998 0.47291076 2.8246018
 0.60177315 2.78006229 2.11783598 0.5536283  0.615305   0.36555785
 2.21375139 1.21290467 1.75785806 1.83750133 0.57031711 2.32163058
 1.87378119 0.987402   2.01468107 1.66624419 0.37517267 2.24469363
 2.97277293 0.41697239 0.4059515  0.99409423 1.62043867 1.67643427
 0.51264691 1.48722326 0.37266679 0.38470962 0.42174188 1.2758991
 2.09635141 0.47475502 1.1697197  0.77720974 0.83438652 1.86044305
 2.54576096 2.2840087  2.28606358 2.43936266 1.55033271 0.54718247
 1.57943187 1.0160638  0.71443039 0.48911997 0.56749988 0.57546178
 1.69483444 0.60806881 2.56032142 2.67977953 0.48289366 0.47662187
 0.84656687 0.55315834 0.46658408 2.62537898 2.07184536 0.70817904
 1.05242211 2.50681206 0.72479874 1.65593074 1.9498235  1.68231935
 1.91238527 0.37834589 0.42104241 1.71242829 1.40565146 0.39175508
 1.10084355 0.57056444 0.88592445 0.67160007 1.94832242 0.44514307
 0.46458551 1.77400727 0.66479996 0.55415827 0.3974839  0.45355845
 2.1698049  0.41630157 0.39488765 1.25712074 1.20901957 1.39047327
 0.44578647 1.35959582 1.03840385 0.46614282 1.51875013 0.69641526
 2.63539951 0.44518413 2.38073341 0.3738708  2.30498074 0.51983854
 0.40873021 0.38753475 1.40430014 0.70168601 0.3655253  0.42915482
 2.46085018 0.70952018 1.70546571 0.75832732 0.49269048 1.03588746
 0.83704597 0.83068237 2.68223612 0.5962433  2.26571588 0.48705093
 0.72613854 0.52125556 2.03781727 1.20904431 0.62953817 0.36850902
 1.67898971 0.57921626 1.82764673 0.61860849 1.51891627 0.55613486
 1.26172031 1.41327021 1.36425197 0.41526619 0.39797793 0.46831659
 2.35812088 1.33254384 1.75715829 2.32975507 0.61522294 1.73070805
 1.52366    1.85530504 1.33635939 1.84257301 2.13200745 1.60899352
 0.48129706 2.38529151 0.39924067]

Total time taken for covariance optimisation: 17.51 s

2. Maxima detection
Broadening coefficient: 1.0
Selected method:        Trust-region Newton-Raphson
Trust radius:           0.001
Convergence threshold:  1e-06

Point 0 converged in 111 steps
Point 1 converged in 46 steps
Point 2 converged in 367 steps
Point 3 converged in 216 steps
Point 4 converged in 41 steps
Point 5 converged in 119 steps
Point 6 converged in 116 steps
Point 7 converged in 202 steps
Point 8 converged in 108 steps
Point 9 converged in 102 steps
Point 10 converged in 308 steps
Point 11 converged in 75 steps
Point 12 converged in 176 steps
Point 13 converged in 142 steps
Point 14 converged in 325 steps
Point 15 converged in 106 steps
Point 16 converged in 111 steps
Point 17 converged in 114 steps
Point 18 converged in 110 steps
Point 19 converged in 75 steps
Point 20 converged in 64 steps
Point 21 converged in 231 steps
Point 22 converged in 246 steps
Point 23 converged in 52 steps
Point 24 converged in 85 steps
Point 25 converged in 116 steps
Point 26 converged in 227 steps
Point 27 converged in 131 steps
Point 28 converged in 56 steps
Point 29 converged in 102 steps
Point 30 converged in 370 steps
Point 31 converged in 169 steps
Point 32 converged in 158 steps
Point 33 converged in 81 steps
Point 34 converged in 122 steps
Point 35 converged in 43 steps
Point 36 converged in 199 steps
Point 37 converged in 135 steps
Point 38 converged in 358 steps
Point 39 converged in 351 steps
Point 40 converged in 19 steps
Point 41 converged in 55 steps
Point 42 converged in 54 steps
Point 43 converged in 189 steps
Point 44 converged in 216 steps
Point 45 converged in 28 steps
Point 46 converged in 176 steps
Point 47 converged in 331 steps
Point 48 converged in 32 steps
Point 49 converged in 213 steps
Point 50 converged in 54 steps
Point 51 converged in 155 steps
Point 52 converged in 356 steps
Point 53 converged in 80 steps
Point 54 converged in 115 steps
Point 55 converged in 55 steps
Point 56 converged in 257 steps
Point 57 converged in 103 steps
Point 58 converged in 27 steps
Point 59 converged in 355 steps
Point 60 converged in 128 steps
Point 61 converged in 257 steps
Point 62 converged in 531 steps
Point 63 converged in 145 steps
Point 64 converged in 237 steps
Point 65 converged in 71 steps
Point 66 converged in 62 steps
Point 67 converged in 295 steps
Point 68 converged in 114 steps
Point 69 converged in 124 steps
Point 70 converged in 123 steps
Point 71 converged in 215 steps
Point 72 converged in 171 steps
Point 73 converged in 120 steps
Point 74 converged in 184 steps
Point 75 converged in 371 steps
Point 76 converged in 297 steps
Point 77 converged in 62 steps
Point 78 converged in 207 steps
Point 79 converged in 182 steps
Point 80 converged in 99 steps
Point 81 converged in 43 steps
Point 82 converged in 121 steps
Point 83 converged in 111 steps
Point 84 converged in 185 steps
Point 85 converged in 192 steps
Point 86 converged in 217 steps
Point 87 converged in 251 steps
Point 88 converged in 75 steps
Point 89 converged in 116 steps
Point 90 converged in 129 steps
Point 91 converged in 44 steps
Point 92 converged in 319 steps
Point 93 converged in 61 steps
Point 94 converged in 78 steps
Point 95 converged in 116 steps
Point 96 converged in 238 steps
Point 97 converged in 26 steps
Point 98 converged in 185 steps
Point 99 converged in 144 steps
Point 100 converged in 95 steps
Point 101 converged in 60 steps
Point 102 converged in 197 steps
Point 103 converged in 44 steps
Point 104 converged in 184 steps
Point 105 converged in 165 steps
Point 106 converged in 134 steps
Point 107 converged in 245 steps
Point 108 converged in 148 steps
Point 109 converged in 230 steps
Point 110 converged in 235 steps
Point 111 converged in 169 steps
Point 112 converged in 52 steps
Point 113 converged in 448 steps
Point 114 converged in 313 steps
Point 115 converged in 166 steps
Point 116 converged in 265 steps
Point 117 converged in 85 steps
Point 118 converged in 191 steps
Point 119 converged in 40 steps
Point 120 converged in 205 steps
Point 121 converged in 146 steps
Point 122 converged in 135 steps
Point 123 converged in 151 steps
Point 124 converged in 96 steps
Point 125 converged in 319 steps
Point 126 converged in 182 steps
Point 127 converged in 86 steps
Point 128 converged in 124 steps
Point 129 converged in 94 steps
Point 130 converged in 120 steps
Point 131 converged in 104 steps
Point 132 converged in 154 steps
Point 133 converged in 57 steps
Point 134 converged in 106 steps
Point 135 converged in 105 steps
Point 136 converged in 287 steps
Point 137 converged in 51 steps
Point 138 converged in 137 steps
Point 139 converged in 182 steps
Point 140 converged in 358 steps
Point 141 converged in 112 steps
Point 142 converged in 393 steps
Point 143 converged in 266 steps
Point 144 converged in 262 steps
Point 145 converged in 155 steps
Point 146 converged in 205 steps
Point 147 converged in 291 steps
Point 148 converged in 57 steps
Point 149 converged in 43 steps
Point 150 converged in 171 steps
Point 151 converged in 83 steps
Point 152 converged in 40 steps
Point 153 converged in 152 steps
Point 154 converged in 135 steps
Point 155 converged in 216 steps
Point 156 converged in 74 steps
Point 157 converged in 201 steps
Point 158 converged in 135 steps
Point 159 converged in 128 steps
Point 160 converged in 81 steps
Point 161 converged in 187 steps
Point 162 converged in 88 steps
Point 163 converged in 73 steps
Point 164 converged in 306 steps
Point 165 converged in 283 steps
Point 166 converged in 137 steps
Point 167 converged in 169 steps
Point 168 converged in 229 steps
Point 169 converged in 43 steps
Point 170 converged in 102 steps
Point 171 converged in 78 steps
Point 172 converged in 229 steps
Point 173 converged in 93 steps
Point 174 converged in 371 steps
Point 175 converged in 140 steps
Point 176 converged in 70 steps
Point 177 converged in 201 steps
Point 178 converged in 198 steps
Point 179 converged in 173 steps
Point 180 converged in 220 steps
Point 181 converged in 87 steps
Point 182 converged in 59 steps
Point 183 converged in 18 steps
Point 184 converged in 134 steps
Point 185 converged in 454 steps
Point 186 converged in 238 steps
Point 187 converged in 122 steps
Point 188 converged in 42 steps
Point 189 converged in 501 steps
Point 190 converged in 74 steps
Point 191 converged in 50 steps
Point 192 converged in 540 steps
Point 193 converged in 169 steps
Point 194 converged in 128 steps
Point 195 converged in 66 steps
Point 196 converged in 289 steps
Point 197 converged in 312 steps
Point 198 converged in 89 steps
Point 199 converged in 203 steps
Point 200 converged in 133 steps
Point 201 converged in 472 steps
Point 202 converged in 133 steps
Point 203 converged in 134 steps
Point 204 converged in 75 steps
Point 205 converged in 297 steps
Point 206 converged in 191 steps
Point 207 converged in 41 steps
Point 208 converged in 184 steps
Point 209 converged in 239 steps
Point 210 converged in 82 steps
Point 211 converged in 104 steps
Point 212 converged in 148 steps
Point 213 converged in 45 steps
Point 214 converged in 230 steps
Point 215 converged in 65 steps
Point 216 converged in 144 steps
Point 217 converged in 39 steps
Point 218 converged in 222 steps
Point 219 converged in 296 steps
Point 220 converged in 103 steps
Point 221 converged in 21 steps
Point 222 converged in 270 steps
Point 223 converged in 150 steps
Point 224 converged in 374 steps
Point 225 converged in 83 steps
Point 226 converged in 109 steps
Point 227 converged in 63 steps
Point 228 converged in 107 steps
Point 229 converged in 560 steps
Point 230 converged in 44 steps
Point 231 converged in 270 steps
Point 232 converged in 160 steps
Point 233 converged in 373 steps
Point 234 converged in 184 steps
Point 235 converged in 83 steps
Point 236 converged in 68 steps
Point 237 converged in 23 steps
Point 238 converged in 104 steps
Point 239 converged in 363 steps
Point 240 converged in 374 steps
Point 241 converged in 323 steps
Point 242 converged in 147 steps
Point 243 converged in 248 steps
Point 244 converged in 15 steps
Point 245 converged in 265 steps
Point 246 converged in 206 steps
Point 247 converged in 125 steps
Point 248 converged in 121 steps
Point 249 converged in 38 steps
Point 250 converged in 393 steps
Point 251 converged in 55 steps
Point 252 converged in 237 steps
Point 253 converged in 135 steps
Point 254 converged in 184 steps
Point 255 converged in 243 steps
Point 256 converged in 222 steps
Point 257 converged in 146 steps
Point 258 converged in 90 steps
Point 259 converged in 93 steps
Point 260 converged in 71 steps
Point 261 converged in 194 steps
Point 262 converged in 169 steps
Point 263 converged in 170 steps
Point 264 converged in 49 steps
Point 265 converged in 191 steps
Point 266 converged in 40 steps
Point 267 converged in 364 steps
Point 268 converged in 129 steps
Point 269 converged in 252 steps
Point 270 converged in 66 steps
Point 271 converged in 52 steps
Point 272 converged in 144 steps
Point 273 converged in 313 steps
Point 274 converged in 324 steps
Point 275 converged in 95 steps
Point 276 converged in 201 steps
Point 277 converged in 114 steps
Point 278 converged in 70 steps
Point 279 converged in 171 steps
Point 280 converged in 193 steps
Point 281 converged in 35 steps
Point 282 converged in 390 steps
Point 283 converged in 193 steps
Point 284 converged in 98 steps
Point 285 converged in 48 steps
Point 286 converged in 280 steps
Point 287 converged in 153 steps
Point 288 converged in 118 steps
Point 289 converged in 60 steps
Point 290 converged in 81 steps
Point 291 converged in 264 steps
Point 292 converged in 90 steps
Point 293 converged in 326 steps
Point 294 converged in 432 steps
Point 295 converged in 580 steps
Point 296 converged in 203 steps
Point 297 converged in 39 steps
Point 298 converged in 88 steps
Point 299 converged in 110 steps
Point 300 converged in 86 steps
Point 301 converged in 154 steps
Point 302 converged in 175 steps
Point 303 converged in 259 steps
Point 304 converged in 177 steps
Point 305 converged in 226 steps
Point 306 converged in 28 steps
Point 307 converged in 111 steps
Point 308 converged in 60 steps
Point 309 converged in 137 steps
Point 310 converged in 276 steps
Point 311 converged in 99 steps
Point 312 converged in 100 steps
Point 313 converged in 64 steps
Point 314 converged in 291 steps
Point 315 converged in 206 steps
Point 316 converged in 22 steps
Point 317 converged in 156 steps
Point 318 converged in 31 steps
Point 319 converged in 343 steps
Point 320 converged in 449 steps
Point 321 converged in 266 steps
Point 322 converged in 262 steps
Point 323 converged in 42 steps
Point 324 converged in 392 steps
Point 325 converged in 438 steps
Point 326 converged in 108 steps
Point 327 converged in 196 steps
Point 328 converged in 96 steps
Point 329 converged in 232 steps
Point 330 converged in 99 steps
Point 331 converged in 169 steps
Point 332 converged in 152 steps
Point 333 converged in 57 steps
Point 334 converged in 136 steps
Point 335 converged in 125 steps
Point 336 converged in 65 steps
Point 337 converged in 214 steps
Point 338 converged in 199 steps
Point 339 converged in 308 steps
Point 340 converged in 162 steps
Point 341 converged in 46 steps
Point 342 converged in 84 steps
Point 343 converged in 158 steps
Point 344 converged in 178 steps
Point 345 converged in 158 steps
Point 346 converged in 127 steps
Point 347 converged in 152 steps
Point 348 converged in 73 steps
Point 349 converged in 177 steps
Point 350 converged in 364 steps
Point 351 converged in 23 steps
Point 352 converged in 152 steps
Point 353 converged in 173 steps
Point 354 converged in 286 steps
Point 355 converged in 342 steps
Point 356 converged in 495 steps
Point 357 converged in 53 steps
Point 358 converged in 181 steps
Point 359 converged in 186 steps
Point 360 converged in 160 steps
Point 361 converged in 233 steps
Point 362 converged in 149 steps
Point 363 converged in 124 steps
Point 364 converged in 45 steps
Point 365 converged in 201 steps
Point 366 converged in 35 steps
Point 367 converged in 180 steps
Point 368 converged in 176 steps
Point 369 converged in 71 steps
Point 370 converged in 50 steps
Point 371 converged in 504 steps
Point 372 converged in 72 steps
Point 373 converged in 140 steps
Point 374 converged in 339 steps
Point 375 converged in 110 steps
Point 376 converged in 55 steps
Point 377 converged in 85 steps
Point 378 converged in 356 steps
Point 379 converged in 144 steps
Point 380 converged in 386 steps
Point 381 converged in 88 steps
Point 382 converged in 263 steps
Point 383 converged in 144 steps
Point 384 converged in 132 steps
Point 385 converged in 91 steps
Point 386 converged in 128 steps
Point 387 converged in 58 steps
Point 388 converged in 178 steps
Point 389 converged in 59 steps
Point 390 converged in 209 steps
Point 391 converged in 181 steps
Point 392 converged in 65 steps
Point 393 converged in 41 steps
Point 394 converged in 190 steps
Point 395 converged in 44 steps
Point 396 converged in 312 steps
Point 397 converged in 113 steps
Point 398 converged in 137 steps
Point 399 converged in 120 steps
Point 400 converged in 35 steps
Point 401 converged in 66 steps
Point 402 converged in 209 steps
Point 403 converged in 141 steps
Point 404 converged in 279 steps
Point 405 converged in 227 steps
Point 406 converged in 63 steps
Point 407 converged in 65 steps
Point 408 converged in 174 steps
Point 409 converged in 76 steps
Point 410 converged in 160 steps
Point 411 converged in 150 steps
Point 412 converged in 187 steps
Point 413 converged in 99 steps
Point 414 converged in 478 steps
Point 415 converged in 77 steps
Point 416 converged in 336 steps
Point 417 converged in 95 steps
Point 418 converged in 113 steps
Point 419 converged in 145 steps
Point 420 converged in 63 steps
Point 421 converged in 229 steps
Point 422 converged in 197 steps
Point 423 converged in 217 steps
Point 424 converged in 214 steps
Point 425 converged in 54 steps
Point 426 converged in 348 steps
Point 427 converged in 168 steps
Point 428 converged in 325 steps
Point 429 converged in 57 steps
Point 430 converged in 266 steps
Point 431 converged in 54 steps
Point 432 converged in 208 steps
Point 433 converged in 77 steps
Point 434 converged in 80 steps
Point 435 converged in 61 steps
Point 436 converged in 269 steps
Point 437 converged in 194 steps
Point 438 converged in 108 steps
Point 439 converged in 46 steps
Point 440 converged in 169 steps
Point 441 converged in 30 steps
Point 442 converged in 69 steps
Point 443 converged in 191 steps
Point 444 converged in 54 steps
Point 445 converged in 155 steps
Point 446 converged in 205 steps
Point 447 converged in 186 steps
Point 448 converged in 80 steps
Point 449 converged in 264 steps
Point 450 converged in 377 steps
Point 451 converged in 49 steps
Point 452 converged in 75 steps
Point 453 converged in 105 steps
Point 454 converged in 146 steps
Point 455 converged in 207 steps
Point 456 converged in 170 steps
Point 457 converged in 38 steps
Point 458 converged in 40 steps
Point 459 converged in 213 steps
Point 460 converged in 273 steps
Point 461 converged in 56 steps
Point 462 converged in 22 steps
Point 463 converged in 336 steps
Point 464 converged in 103 steps
Point 465 converged in 59 steps
Point 466 converged in 267 steps
Point 467 converged in 207 steps
Point 468 converged in 160 steps
Point 469 converged in 31 steps
Point 470 converged in 237 steps
Point 471 converged in 44 steps
Point 472 converged in 229 steps
Point 473 converged in 116 steps
Point 474 converged in 317 steps
Point 475 converged in 137 steps
Point 476 converged in 183 steps
Point 477 converged in 277 steps
Point 478 converged in 253 steps
Point 479 converged in 174 steps
Point 480 converged in 88 steps
Point 481 converged in 217 steps
Point 482 converged in 74 steps
Point 483 converged in 75 steps
Point 484 converged in 130 steps
Point 485 converged in 268 steps
Point 486 converged in 131 steps
Point 487 converged in 356 steps
Point 488 converged in 156 steps
Point 489 converged in 129 steps
Point 490 converged in 185 steps
Point 491 converged in 31 steps
Point 492 converged in 35 steps
Point 493 converged in 239 steps
Point 494 converged in 163 steps
Point 495 converged in 174 steps
Point 496 converged in 98 steps
Point 497 converged in 51 steps
Point 498 converged in 44 steps
Point 499 converged in 281 steps
Point 500 converged in 204 steps
Point 501 converged in 169 steps
Point 502 converged in 44 steps
Point 503 converged in 444 steps
Point 504 converged in 287 steps
