DONKEY Clustering
Number of datapoints: 639
Number of features:   3
Periodic features:    []

1. Covariance Optimisation
Convergence threshold: 1e-08

Initial guess
[[1. 0. 0.]
 [0. 1. 0.]
 [0. 0. 1.]]
Iteration 1
Error: 2.5826214042670212
[[2.22858436e-01 2.12031868e-04 1.93079886e-04]
 [2.12031868e-04 1.87632949e-01 4.49869644e-05]
 [1.93079886e-04 4.49869644e-05 7.78740780e-03]]
Iteration 2
Error: 0.18699295053844953
[[ 1.23162657e-01 -3.29191779e-04  7.61615640e-04]
 [-3.29191779e-04  1.06248573e-01  5.99753749e-05]
 [ 7.61615640e-04  5.99753749e-05  4.12410903e-03]]
Iteration 3
Error: 0.09178016526806522
[[ 7.24163785e-02 -1.14049899e-03  1.04684694e-03]
 [-1.14049899e-03  6.88427772e-02  9.64747823e-06]
 [ 1.04684694e-03  9.64747823e-06  2.78975015e-03]]
Iteration 4
Error: 0.055331720762941544
[[ 4.08133651e-02 -1.61649152e-03  1.07317547e-03]
 [-1.61649152e-03  4.69253230e-02 -4.24824850e-05]
 [ 1.07317547e-03 -4.24824850e-05  2.08739898e-03]]
Iteration 5
Error: 0.033783044081485226
[[ 2.12995341e-02 -1.53866712e-03  8.78199528e-04]
 [-1.53866712e-03  3.36873113e-02 -7.17073604e-05]
 [ 8.78199528e-04 -7.17073604e-05  1.66024799e-03]]
Iteration 6
Error: 0.019555421897659866
[[ 1.11592122e-02 -1.19577584e-03  6.80791844e-04]
 [-1.19577584e-03  2.56525750e-02 -8.06626487e-05]
 [ 6.80791844e-04 -8.06626487e-05  1.37839286e-03]]
Iteration 7
Error: 0.010162720098536058
[[ 7.02117034e-03 -9.50057490e-04  5.75942709e-04]
 [-9.50057490e-04  2.05408962e-02 -8.91274045e-05]
 [ 5.75942709e-04 -8.91274045e-05  1.18345795e-03]]
Iteration 8
Error: 0.0058750172369982905
[[ 0.00517133 -0.00079746  0.00051591]
 [-0.00079746  0.01710154 -0.00010086]
 [ 0.00051591 -0.00010086  0.00104637]]
Iteration 9
Error: 0.0038141477895400453
[[ 0.00417764 -0.00069076  0.0004765 ]
 [-0.00069076  0.01469684 -0.00011412]
 [ 0.0004765  -0.00011412  0.00094933]]
Iteration 10
Error: 0.00264637339635662
[[ 0.00357317 -0.00060855  0.00044926]
 [-0.00060855  0.01297101 -0.00012819]
 [ 0.00044926 -0.00012819  0.00088031]]
Iteration 11
Error: 0.0019110689025830588
[[ 0.00317572 -0.00054148  0.00043028]
 [-0.00054148  0.01170794 -0.00014286]
 [ 0.00043028 -0.00014286  0.0008312 ]]
Iteration 12
Error: 0.0014180011920724416
[[ 0.00290084 -0.000485    0.00041729]
 [-0.000485    0.01076875 -0.000158  ]
 [ 0.00041729 -0.000158    0.00079648]]
Iteration 13
Error: 0.0010738256290390058
[[ 0.00270402 -0.00043653  0.00040875]
 [-0.00043653  0.01006085 -0.00017345]
 [ 0.00040875 -0.00017345  0.0007723 ]]
Iteration 14
Error: 0.0008268379514054332
[[ 0.00255952 -0.0003944   0.00040355]
 [-0.0003944   0.00952079 -0.00018904]
 [ 0.00040355 -0.00018904  0.00075589]]
Iteration 15
Error: 0.0006459363516364611
[[ 0.00245138 -0.00035739  0.00040084]
 [-0.00035739  0.00910419 -0.00020458]
 [ 0.00040084 -0.00020458  0.00074519]]
Iteration 16
Error: 0.0005112876953620576
[[ 0.00236918 -0.00032461  0.00039998]
 [-0.00032461  0.00877945 -0.00021988]
 [ 0.00039998 -0.00021988  0.00073872]]
Iteration 17
Error: 0.0004116133991443227
[[ 0.00230588 -0.00029537  0.00040046]
 [-0.00029537  0.00852373 -0.00023475]
 [ 0.00040046 -0.00023475  0.00073531]]
Iteration 18
Error: 0.000337816992795995
[[ 0.00225655 -0.00026913  0.00040189]
 [-0.00026913  0.00832035 -0.00024905]
 [ 0.00040189 -0.00024905  0.00073413]]
Iteration 19
Error: 0.0002812090156446063
[[ 0.00221768 -0.00024548  0.00040396]
 [-0.00024548  0.00815704 -0.00026265]
 [ 0.00040396 -0.00026265  0.0007345 ]]
Iteration 20
Error: 0.0002381841838670177
[[ 0.00218675 -0.00022407  0.00040645]
 [-0.00022407  0.00802463 -0.00027546]
 [ 0.00040645 -0.00027546  0.00073594]]
Iteration 21
Error: 0.00020356543460487456
[[ 0.00216188 -0.00020464  0.00040917]
 [-0.00020464  0.0079163  -0.00028741]
 [ 0.00040917 -0.00028741  0.00073809]]
Iteration 22
Error: 0.0001753345942349307
[[ 0.00214169 -0.00018696  0.000412  ]
 [-0.00018696  0.00782688 -0.00029848]
 [ 0.000412   -0.00029848  0.00074065]]
Iteration 23
Error: 0.00015202342583966045
[[ 0.00212515 -0.00017084  0.00041485]
 [-0.00017084  0.00775246 -0.00030865]
 [ 0.00041485 -0.00030865  0.00074344]]
Iteration 24
Error: 0.00013255322283934397
[[ 0.00211148 -0.00015612  0.00041763]
 [-0.00015612  0.00769005 -0.00031795]
 [ 0.00041763 -0.00031795  0.00074631]]
Iteration 25
Error: 0.00011612318397520631
[[ 0.00210009 -0.00014267  0.00042032]
 [-0.00014267  0.00763733 -0.0003264 ]
 [ 0.00042032 -0.0003264   0.00074915]]
Iteration 26
Error: 0.00010213214934785765
[[ 0.00209052 -0.00013036  0.00042287]
 [-0.00013036  0.00759253 -0.00033405]
 [ 0.00042287 -0.00033405  0.00075189]]
Iteration 27
Error: 9.012341787383434e-05
[[ 0.00208242 -0.0001191   0.00042528]
 [-0.0001191   0.00755424 -0.00034094]
 [ 0.00042528 -0.00034094  0.0007545 ]]
Iteration 28
Error: 7.97456487586019e-05
[[ 0.00207552 -0.00010877  0.00042752]
 [-0.00010877  0.00752135 -0.00034713]
 [ 0.00042752 -0.00034713  0.00075694]]
Iteration 29
Error: 7.072502365289035e-05
[[ 2.06959456e-03 -9.93057781e-05  4.29600628e-04]
 [-9.93057781e-05  7.49298315e-03 -3.52675501e-04]
 [ 4.29600628e-04 -3.52675501e-04  7.59193767e-04]]
Iteration 30
Error: 6.284532082279299e-05
[[ 2.06448600e-03 -9.06261545e-05  4.31519463e-04]
 [-9.06261545e-05  7.46842633e-03 -3.57631053e-04]
 [ 4.31519463e-04 -3.57631053e-04  7.61265685e-04]]
Iteration 31
Error: 5.5933566849681704e-05
[[ 2.06005575e-03 -8.26638439e-05  4.33282330e-04]
 [-8.26638439e-05  7.44710427e-03 -3.62052080e-04]
 [ 4.33282330e-04 -3.62052080e-04  7.63154537e-04]]
Iteration 32
Error: 4.9849634046127806e-05
[[ 2.05619552e-03 -7.53577763e-05  4.34896418e-04]
 [-7.53577763e-05  7.42854457e-03 -3.65990583e-04]
 [ 4.34896418e-04 -3.65990583e-04  7.64866922e-04]]
Iteration 33
Error: 4.447864042602477e-05
[[ 2.05281763e-03 -6.86526501e-05  4.36370191e-04]
 [-6.86526501e-05  7.41235654e-03 -3.69495382e-04]
 [ 4.36370191e-04 -3.69495382e-04  7.66412239e-04]]
Iteration 34
Error: 3.972534955543836e-05
[[ 2.04985052e-03 -6.24982583e-05  4.37712797e-04]
 [-6.24982583e-05  7.39821427e-03 -3.72611736e-04]
 [ 4.37712797e-04 -3.72611736e-04  7.67801517e-04]]
Iteration 35
Error: 3.551000517238561e-05
[[ 2.04723535e-03 -5.68489173e-05  4.38933630e-04]
 [-5.68489173e-05  7.38584377e-03 -3.75381193e-04]
 [ 4.38933630e-04 -3.75381193e-04  7.69046575e-04]]
Iteration 36
Error: 3.1765201438176596e-05
[[ 2.04492332e-03 -5.16629778e-05  4.40042033e-04]
 [-5.16629778e-05  7.37501291e-03 -3.77841582e-04]
 [ 4.40042033e-04 -3.77841582e-04  7.70159428e-04]]
Iteration 37
Error: 2.8433505838707405e-05
[[ 2.04287373e-03 -4.69024042e-05  4.41047085e-04]
 [-4.69024042e-05  7.36552378e-03 -3.80027123e-04]
 [ 4.41047085e-04 -3.80027123e-04  7.71151887e-04]]
Iteration 38
Error: 2.546563322282075e-05
[[ 2.04105235e-03 -4.25324106e-05  4.41957470e-04]
 [-4.25324106e-05  7.35720665e-03 -3.81968605e-04]
 [ 4.41957470e-04 -3.81968605e-04  7.72035284e-04]]
Iteration 39
Error: 2.2819026762380587e-05
[[ 2.03943023e-03 -3.85211429e-05  4.42781390e-04]
 [-3.85211429e-05  7.34991515e-03 -3.83693606e-04]
 [ 4.42781390e-04 -3.83693606e-04  7.72820313e-04]]
Iteration 40
Error: 2.045674204748548e-05
[[ 2.03798273e-03 -3.48394015e-05  4.43526522e-04]
 [-3.48394015e-05  7.34352255e-03 -3.85226745e-04]
 [ 4.43526522e-04 -3.85226745e-04  7.73516931e-04]]
Iteration 41
Error: 1.834655916622571e-05
[[ 2.03668877e-03 -3.14603966e-05  4.44199998e-04]
 [-3.14603966e-05  7.33791868e-03 -3.86589931e-04]
 [ 4.44199998e-04 -3.86589931e-04  7.74134324e-04]]
Iteration 42
Error: 1.6460267986748205e-05
[[ 2.03553021e-03 -2.83595318e-05  4.44808406e-04]
 [-2.83595318e-05  7.33300746e-03 -3.87802620e-04]
 [ 4.44808406e-04 -3.87802620e-04  7.74680894e-04]]
Iteration 43
Error: 1.4773086416915638e-05
[[ 2.03449139e-03 -2.55142114e-05  4.45357805e-04]
 [-2.55142114e-05  7.32870490e-03 -3.88882054e-04]
 [ 4.45357805e-04 -3.88882054e-04  7.75164284e-04]]
Iteration 44
Error: 1.3263181874422313e-05
[[ 2.03355871e-03 -2.29036690e-05  4.45853749e-04]
 [-2.29036690e-05  7.32493738e-03 -3.89843498e-04]
 [ 4.45853749e-04 -3.89843498e-04  7.75591408e-04]]
Iteration 45
Error: 1.1911273754407321e-05
[[ 2.03272032e-03 -2.05088127e-05  4.46301308e-04]
 [-2.05088127e-05  7.32164030e-03 -3.90700445e-04]
 [ 4.46301308e-04 -3.90700445e-04  7.75968500e-04]]
Iteration 46
Error: 1.070030017164873e-05
[[ 2.03196588e-03 -1.83120862e-05  4.46705107e-04]
 [-1.83120862e-05  7.31875690e-03 -3.91464815e-04]
 [ 4.46705107e-04 -3.91464815e-04  7.76301156e-04]]
Iteration 47
Error: 9.615136269373717e-06
[[ 2.03128630e-03 -1.62973429e-05  4.47069352e-04]
 [-1.62973429e-05  7.31623720e-03 -3.92147137e-04]
 [ 4.47069352e-04 -3.92147137e-04  7.76594393e-04]]
Iteration 48
Error: 8.642354343677138e-06
[[ 2.03067360e-03 -1.44497316e-05  4.47397862e-04]
 [-1.44497316e-05  7.31403722e-03 -3.92756702e-04]
 [ 4.47397862e-04 -3.92756702e-04  7.76852693e-04]]
Iteration 49
Error: 7.770018225000019e-06
[[ 2.03012072e-03 -1.27555923e-05  4.47694102e-04]
 [-1.27555923e-05  7.31211822e-03 -3.93301712e-04]
 [ 4.47694102e-04 -3.93301712e-04  7.77080056e-04]]
Iteration 50
Error: 6.987505998160614e-06
[[ 2.02962146e-03 -1.12023614e-05  4.47961212e-04]
 [-1.12023614e-05  7.31044604e-03 -3.93789408e-04]
 [ 4.47961212e-04 -3.93789408e-04  7.77280044e-04]]
Iteration 51
Error: 6.2853563764816205e-06
[[ 2.02917028e-03 -9.77848420e-06  4.48202034e-04]
 [-9.77848420e-06  7.30899058e-03 -3.94226179e-04]
 [ 4.48202034e-04 -3.94226179e-04  7.77455827e-04]]
Iteration 52
Error: 5.6551349855931e-06
[[ 2.02876230e-03 -8.47333528e-06  4.48419138e-04]
 [-8.47333528e-06  7.30772531e-03 -3.94617673e-04]
 [ 4.48419138e-04 -3.94617673e-04  7.77610220e-04]]
Iteration 53
Error: 5.08931753110905e-06
[[ 2.02839315e-03 -7.27714515e-06  4.48614849e-04]
 [-7.27714515e-06  7.30662685e-03 -3.94968875e-04]
 [ 4.48614849e-04 -3.94968875e-04  7.77745724e-04]]
Iteration 54
Error: 4.58118738233111e-06
[[ 2.02805896e-03 -6.18093267e-06  4.48791267e-04]
 [-6.18093267e-06  7.30567459e-03 -3.95284195e-04]
 [ 4.48791267e-04 -3.95284195e-04  7.77864556e-04]]
Iteration 55
Error: 4.124745539400853e-06
[[ 2.02775626e-03 -5.17644287e-06  4.48950287e-04]
 [-5.17644287e-06  7.30485037e-03 -3.95567532e-04]
 [ 4.48950287e-04 -3.95567532e-04  7.77968683e-04]]
Iteration 56
Error: 3.7146312942935793e-06
[[ 2.02748195e-03 -4.25608968e-06  4.49093624e-04]
 [-4.25608968e-06  7.30413820e-03 -3.95822339e-04]
 [ 4.49093624e-04 -3.95822339e-04  7.78059843e-04]]
Iteration 57
Error: 3.346052170663828e-06
[[ 2.02723327e-03 -3.41290306e-06  4.49222820e-04]
 [-3.41290306e-06  7.30352399e-03 -3.96051670e-04]
 [ 4.49222820e-04 -3.96051670e-04  7.78139580e-04]]
Iteration 58
Error: 3.01472194669548e-06
[[ 2.02700773e-03 -2.64048023e-06  4.49339272e-04]
 [-2.64048023e-06  7.30299537e-03 -3.96258237e-04]
 [ 4.49339272e-04 -3.96258237e-04  7.78209256e-04]]
Iteration 59
Error: 2.716805745253589e-06
[[ 2.02680309e-03 -1.93294070e-06  4.49444237e-04]
 [-1.93294070e-06  7.30254144e-03 -3.96444442e-04]
 [ 4.49444237e-04 -3.96444442e-04  7.78270077e-04]]
Iteration 60
Error: 2.4488713210604117e-06
[[ 2.02661737e-03 -1.28488473e-06  4.49538848e-04]
 [-1.28488473e-06  7.30215262e-03 -3.96612420e-04]
 [ 4.49538848e-04 -3.96612420e-04  7.78323110e-04]]
Iteration 61
Error: 2.207845797229745e-06
[[ 2.02644875e-03 -6.91354979e-07  4.49624129e-04]
 [-6.91354979e-07  7.30182048e-03 -3.96764065e-04]
 [ 4.49624129e-04 -3.96764065e-04  7.78369296e-04]]
Iteration 62
Error: 1.9909772034319217e-06
[[ 2.02629563e-03 -1.47801162e-07  4.49701002e-04]
 [-1.47801162e-07  7.30153766e-03 -3.96901066e-04]
 [ 4.49701002e-04 -3.96901066e-04  7.78409466e-04]]
Iteration 63
Error: 1.7958002542221298e-06
[[ 2.02615653e-03  3.49952599e-07  4.49770297e-04]
 [ 3.49952599e-07  7.30129765e-03 -3.97024921e-04]
 [ 4.49770297e-04 -3.97024921e-04  7.78444356e-04]]
Iteration 64
Error: 1.620105877295426e-06
[[ 2.02603015e-03  8.05737889e-07  4.49832765e-04]
 [ 8.05737889e-07  7.30109479e-03 -3.97136969e-04]
 [ 4.49832765e-04 -3.97136969e-04  7.78474613e-04]]
Iteration 65
Error: 1.4619140631323644e-06
[[ 2.02591529e-03  1.22306976e-06  4.49889080e-04]
 [ 1.22306976e-06  7.30092409e-03 -3.97238402e-04]
 [ 4.49889080e-04 -3.97238402e-04  7.78500808e-04]]
Iteration 66
Error: 1.3194496601864321e-06
[[ 2.02581088e-03  1.60517235e-06  4.49939851e-04]
 [ 1.60517235e-06  7.30078119e-03 -3.97330283e-04]
 [ 4.49939851e-04 -3.97330283e-04  7.78523445e-04]]
Iteration 67
Error: 1.1911207850297137e-06
[[ 2.02571596e-03  1.95500245e-06  4.49985626e-04]
 [ 1.95500245e-06  7.30066229e-03 -3.97413563e-04]
 [ 4.49985626e-04 -3.97413563e-04  7.78542969e-04]]
Iteration 68
Error: 1.0754995560088335e-06
[[ 2.02562964e-03  2.27527131e-06  4.50026899e-04]
 [ 2.27527131e-06  7.30056405e-03 -3.97489093e-04]
 [ 4.50026899e-04 -3.97489093e-04  7.78559769e-04]]
Iteration 69
Error: 9.713048933542378e-07
[[ 2.02555114e-03  2.56846461e-06  4.50064115e-04]
 [ 2.56846461e-06  7.30048356e-03 -3.97557632e-04]
 [ 4.50064115e-04 -3.97557632e-04  7.78574191e-04]]
Iteration 70
Error: 8.773871581980893e-07
[[ 2.02547974e-03  2.83686092e-06  4.50097676e-04]
 [ 2.83686092e-06  7.30041830e-03 -3.97619863e-04]
 [ 4.50097676e-04 -3.97619863e-04  7.78586538e-04]]
Iteration 71
Error: 7.927144292050656e-07
[[ 2.02541478e-03  3.08254873e-06  4.50127942e-04]
 [ 3.08254873e-06  7.30036606e-03 -3.97676395e-04]
 [ 4.50127942e-04 -3.97676395e-04  7.78597075e-04]]
Iteration 72
Error: 7.163602382271874e-07
[[ 2.02535567e-03  3.30744198e-06  4.50155239e-04]
 [ 3.30744198e-06  7.30032491e-03 -3.97727777e-04]
 [ 4.50155239e-04 -3.97727777e-04  7.78606038e-04]]
Iteration 73
Error: 6.474926064579363e-07
[[ 2.02530189e-03  3.51329454e-06  4.50179861e-04]
 [ 3.51329454e-06  7.30029319e-03 -3.97774500e-04]
 [ 4.50179861e-04 -3.97774500e-04  7.78613630e-04]]
Iteration 74
Error: 5.853642408036397e-07
[[ 2.02525295e-03  3.70171333e-06  4.50202072e-04]
 [ 3.70171333e-06  7.30026944e-03 -3.97817008e-04]
 [ 4.50202072e-04 -3.97817008e-04  7.78620034e-04]]
Iteration 75
Error: 5.293037646272955e-07
[[ 2.02520841e-03  3.87417055e-06  4.50222108e-04]
 [ 3.87417055e-06  7.30025242e-03 -3.97855698e-04]
 [ 4.50222108e-04 -3.97855698e-04  7.78625408e-04]]
Iteration 76
Error: 4.78707872417217e-07
[[ 2.02516786e-03  4.03201479e-06  4.50240186e-04]
 [ 4.03201479e-06  7.30024105e-03 -3.97890928e-04]
 [ 4.50240186e-04 -3.97890928e-04  7.78629889e-04]]
Iteration 77
Error: 4.330343087619581e-07
[[ 2.02513095e-03  4.17648134e-06  4.50256498e-04]
 [ 4.17648134e-06  7.30023437e-03 -3.97923021e-04]
 [ 4.50256498e-04 -3.97923021e-04  7.78633600e-04]]
Iteration 78
Error: 3.9179558379050786e-07
[[ 2.02509736e-03  4.30870158e-06  4.50271218e-04]
 [ 4.30870158e-06  7.30023160e-03 -3.97952267e-04]
 [ 4.50271218e-04 -3.97952267e-04  7.78636648e-04]]
Iteration 79
Error: 3.5540614838140695e-07
[[ 2.02506677e-03  4.42971165e-06  4.50284502e-04]
 [ 4.42971165e-06  7.30023202e-03 -3.97978930e-04]
 [ 4.50284502e-04 -3.97978930e-04  7.78639124e-04]]
Iteration 80
Error: 3.2698175912174236e-07
[[ 2.02503892e-03  4.54046040e-06  4.50296493e-04]
 [ 4.54046040e-06  7.30023506e-03 -3.98003246e-04]
 [ 4.50296493e-04 -3.98003246e-04  7.78641111e-04]]
Iteration 81
Error: 3.007859554519477e-07
[[ 2.02501356e-03  4.64181666e-06  4.50307317e-04]
 [ 4.64181666e-06  7.30024019e-03 -3.98025430e-04]
 [ 4.50307317e-04 -3.98025430e-04  7.78642679e-04]]
Iteration 82
Error: 2.7664907108264146e-07
[[ 2.02499047e-03  4.73457600e-06  4.50317089e-04]
 [ 4.73457600e-06  7.30024698e-03 -3.98045675e-04]
 [ 4.50317089e-04 -3.98045675e-04  7.78643890e-04]]
Iteration 83
Error: 2.544137913390836e-07
[[ 2.02496944e-03  4.81946677e-06  4.50325912e-04]
 [ 4.81946677e-06  7.30025507e-03 -3.98064156e-04]
 [ 4.50325912e-04 -3.98064156e-04  7.78644797e-04]]
Iteration 84
Error: 2.3393431560984727e-07
[[ 2.02495030e-03  4.89715583e-06  4.50333879e-04]
 [ 4.89715583e-06  7.30026414e-03 -3.98081033e-04]
 [ 4.50333879e-04 -3.98081033e-04  7.78645448e-04]]
Iteration 85
Error: 2.15075570071858e-07
[[ 2.02493286e-03  4.96825366e-06  4.50341075e-04]
 [ 4.96825366e-06  7.30027393e-03 -3.98096448e-04]
 [ 4.50341075e-04 -3.98096448e-04  7.78645883e-04]]
Iteration 86
Error: 1.9771246852213032e-07
[[ 2.02491698e-03  5.03331911e-06  4.50347574e-04]
 [ 5.03331911e-06  7.30028421e-03 -3.98110532e-04]
 [ 4.50347574e-04 -3.98110532e-04  7.78646137e-04]]
Iteration 87
Error: 1.8172921878743422e-07
[[ 2.02490251e-03  5.09286376e-06  4.50353445e-04]
 [ 5.09286376e-06  7.30029480e-03 -3.98123404e-04]
 [ 4.50353445e-04 -3.98123404e-04  7.78646240e-04]]
Iteration 88
Error: 1.670612632522111e-07
[[ 2.02488934e-03  5.14735588e-06  4.50358750e-04]
 [ 5.14735588e-06  7.30030554e-03 -3.98135171e-04]
 [ 4.50358750e-04 -3.98135171e-04  7.78646219e-04]]
Iteration 89
Error: 1.5372795502899964e-07
[[ 2.02487734e-03  5.19722409e-06  4.50363543e-04]
 [ 5.19722409e-06  7.30031630e-03 -3.98145930e-04]
 [ 4.50363543e-04 -3.98145930e-04  7.78646095e-04]]
Iteration 90
Error: 1.414377717103692e-07
[[ 2.02486641e-03  5.24286070e-06  4.50367874e-04]
 [ 5.24286070e-06  7.30032699e-03 -3.98155769e-04]
 [ 4.50367874e-04 -3.98155769e-04  7.78645890e-04]]
Iteration 91
Error: 1.3011154295551285e-07
[[ 2.02485646e-03  5.28462478e-06  4.50371789e-04]
 [ 5.28462478e-06  7.30033752e-03 -3.98164769e-04]
 [ 4.50371789e-04 -3.98164769e-04  7.78645619e-04]]
Iteration 92
Error: 1.1967582191520486e-07
[[ 2.02484739e-03  5.32284496e-06  4.50375328e-04]
 [ 5.32284496e-06  7.30034781e-03 -3.98173004e-04]
 [ 4.50375328e-04 -3.98173004e-04  7.78645296e-04]]
Iteration 93
Error: 1.1006250536112726e-07
[[ 2.02483913e-03  5.35782203e-06  4.50378527e-04]
 [ 5.35782203e-06  7.30035783e-03 -3.98180539e-04]
 [ 4.50378527e-04 -3.98180539e-04  7.78644933e-04]]
Iteration 94
Error: 1.0120847488298273e-07
[[ 2.02483160e-03  5.38983124e-06  4.50381420e-04]
 [ 5.38983124e-06  7.30036752e-03 -3.98187436e-04]
 [ 4.50381420e-04 -3.98187436e-04  7.78644542e-04]]
Iteration 95
Error: 9.305525838472842e-08
[[ 2.02482474e-03  5.41912451e-06  4.50384037e-04]
 [ 5.41912451e-06  7.30037686e-03 -3.98193750e-04]
 [ 4.50384037e-04 -3.98193750e-04  7.78644130e-04]]
Iteration 96
Error: 8.554871168316982e-08
[[ 2.02481850e-03  5.44593238e-06  4.50386403e-04]
 [ 5.44593238e-06  7.30038583e-03 -3.98199530e-04]
 [ 4.50386403e-04 -3.98199530e-04  7.78643704e-04]]
Iteration 97
Error: 7.863871871329537e-08
[[ 2.02481281e-03  5.47046583e-06  4.50388544e-04]
 [ 5.47046583e-06  7.30039441e-03 -3.98204823e-04]
 [ 4.50388544e-04 -3.98204823e-04  7.78643272e-04]]
Iteration 98
Error: 7.227891028429313e-08
[[ 2.02480762e-03  5.49291794e-06  4.50390480e-04]
 [ 5.49291794e-06  7.30040260e-03 -3.98209670e-04]
 [ 4.50390480e-04 -3.98209670e-04  7.78642837e-04]]
Iteration 99
Error: 6.642640010983557e-08
[[ 2.02480290e-03  5.51346540e-06  4.50392232e-04]
 [ 5.51346540e-06  7.30041039e-03 -3.98214110e-04]
 [ 4.50392232e-04 -3.98214110e-04  7.78642405e-04]]
Iteration 100
Error: 6.104153751602956e-08
[[ 2.02479860e-03  5.53226989e-06  4.50393818e-04]
 [ 5.53226989e-06  7.30041779e-03 -3.98218178e-04]
 [ 4.50393818e-04 -3.98218178e-04  7.78641978e-04]]
Iteration 101
Error: 5.608767601262329e-08
[[ 2.02479468e-03  5.54947937e-06  4.50395254e-04]
 [ 5.54947937e-06  7.30042479e-03 -3.98221904e-04]
 [ 4.50395254e-04 -3.98221904e-04  7.78641560e-04]]
Iteration 102
Error: 5.153095683421428e-08
[[ 2.02479110e-03  5.56522924e-06  4.50396553e-04]
 [ 5.56522924e-06  7.30043142e-03 -3.98225318e-04]
 [ 4.50396553e-04 -3.98225318e-04  7.78641151e-04]]
Iteration 103
Error: 4.7340106807720414e-08
[[ 2.02478785e-03  5.57964340e-06  4.50397730e-04]
 [ 5.57964340e-06  7.30043767e-03 -3.98228447e-04]
 [ 4.50397730e-04 -3.98228447e-04  7.78640755e-04]]
Iteration 104
Error: 4.348624961806562e-08
[[ 2.02478488e-03  5.59283523e-06  4.50398795e-04]
 [ 5.59283523e-06  7.30044355e-03 -3.98231315e-04]
 [ 4.50398795e-04 -3.98231315e-04  7.78640373e-04]]
Iteration 105
Error: 3.994272990029578e-08
[[ 2.02478218e-03  5.60490849e-06  4.50399760e-04]
 [ 5.60490849e-06  7.30044909e-03 -3.98233943e-04]
 [ 4.50399760e-04 -3.98233943e-04  7.78640004e-04]]
Iteration 106
Error: 3.668494914071286e-08
[[ 2.02477972e-03  5.61595810e-06  4.50400634e-04]
 [ 5.61595810e-06  7.30045430e-03 -3.98236352e-04]
 [ 4.50400634e-04 -3.98236352e-04  7.78639651e-04]]
Iteration 107
Error: 3.369021314855196e-08
[[ 2.02477747e-03  5.62607095e-06  4.50401426e-04]
 [ 5.62607095e-06  7.30045918e-03 -3.98238560e-04]
 [ 4.50401426e-04 -3.98238560e-04  7.78639313e-04]]
Iteration 108
Error: 3.0937589842959434e-08
[[ 2.02477543e-03  5.63532654e-06  4.50402143e-04]
 [ 5.63532654e-06  7.30046375e-03 -3.98240585e-04]
 [ 4.50402143e-04 -3.98240585e-04  7.78638991e-04]]
Iteration 109
Error: 2.8407777221716972e-08
[[ 2.02477356e-03  5.64379762e-06  4.50402793e-04]
 [ 5.64379762e-06  7.30046803e-03 -3.98242441e-04]
 [ 4.50402793e-04 -3.98242441e-04  7.78638684e-04]]
Iteration 110
Error: 2.6082980577612244e-08
[[ 2.02477186e-03  5.65155074e-06  4.50403382e-04]
 [ 5.65155074e-06  7.30047204e-03 -3.98244144e-04]
 [ 4.50403382e-04 -3.98244144e-04  7.78638393e-04]]
Iteration 111
Error: 2.394679845825968e-08
[[ 2.02477032e-03  5.65864684e-06  4.50403917e-04]
 [ 5.65864684e-06  7.30047578e-03 -3.98245704e-04]
 [ 4.50403917e-04 -3.98245704e-04  7.78638116e-04]]
Iteration 112
Error: 2.1984116920716705e-08
[[ 2.02476891e-03  5.66514165e-06  4.50404401e-04]
 [ 5.66514165e-06  7.30047927e-03 -3.98247136e-04]
 [ 4.50404401e-04 -3.98247136e-04  7.78637855e-04]]
Iteration 113
Error: 2.018101120923416e-08
[[ 2.02476762e-03  5.67108619e-06  4.50404840e-04]
 [ 5.67108619e-06  7.30048253e-03 -3.98248448e-04]
 [ 4.50404840e-04 -3.98248448e-04  7.78637608e-04]]
Iteration 114
Error: 1.852465487605799e-08
[[ 2.02476645e-03  5.67652712e-06  4.50405238e-04]
 [ 5.67652712e-06  7.30048556e-03 -3.98249652e-04]
 [ 4.50405238e-04 -3.98249652e-04  7.78637376e-04]]
Iteration 115
Error: 1.7003235325993324e-08
[[ 2.02476538e-03  5.68150718e-06  4.50405599e-04]
 [ 5.68150718e-06  7.30048839e-03 -3.98250756e-04]
 [ 4.50405599e-04 -3.98250756e-04  7.78637157e-04]]
Iteration 116
Error: 1.5605875675702466e-08
[[ 2.02476441e-03  5.68606543e-06  4.50405927e-04]
 [ 5.68606543e-06  7.30049101e-03 -3.98251769e-04]
 [ 4.50405927e-04 -3.98251769e-04  7.78636951e-04]]
Iteration 117
Error: 1.4322562445195767e-08
[[ 2.02476352e-03  5.69023765e-06  4.50406224e-04]
 [ 5.69023765e-06  7.30049346e-03 -3.98252697e-04]
 [ 4.50406224e-04 -3.98252697e-04  7.78636757e-04]]
Iteration 118
Error: 1.3144078504987431e-08
[[ 2.02476271e-03  5.69405658e-06  4.50406494e-04]
 [ 5.69405658e-06  7.30049573e-03 -3.98253549e-04]
 [ 4.50406494e-04 -3.98253549e-04  7.78636576e-04]]
Iteration 119
Error: 1.2061941184209513e-08
[[ 2.02476197e-03  5.69755217e-06  4.50406739e-04]
 [ 5.69755217e-06  7.30049784e-03 -3.98254331e-04]
 [ 4.50406739e-04 -3.98254331e-04  7.78636405e-04]]
Iteration 120
Error: 1.1068344936183305e-08
[[ 2.02476130e-03  5.70075183e-06  4.50406961e-04]
 [ 5.70075183e-06  7.30049980e-03 -3.98255048e-04]
 [ 4.50406961e-04 -3.98255048e-04  7.78636246e-04]]
Iteration 121
Error: 1.0156108374228417e-08
[[ 2.02476069e-03  5.70368065e-06  4.50407163e-04]
 [ 5.70368065e-06  7.30050162e-03 -3.98255705e-04]
 [ 4.50407163e-04 -3.98255705e-04  7.78636097e-04]]
Convergence reached in 122 iterations
[[ 2.02476013e-03  5.70636157e-06  4.50407346e-04]
 [ 5.70636157e-06  7.30050330e-03 -3.98256309e-04]
 [ 4.50407346e-04 -3.98256309e-04  7.78635958e-04]]

Abamson correction active
Local covariance matrices saved in nb_110.cov.npy
Local coefficients
[0.67832428 0.5269571  1.08875949 0.90694015 1.27004302 0.47112309
 0.46384257 0.86772177 0.63738637 0.56197465 0.88797378 1.28497737
 1.01077583 2.33619112 1.27087941 0.45695364 1.09175282 0.59273226
 0.78272942 0.61721057 0.50755033 2.14751765 1.25168618 0.59159787
 1.13569765 1.15485504 0.8000484  1.26126473 0.91022075 0.54053608
 1.60255556 0.59911174 2.47311743 1.22166183 0.67498384 0.60197237
 0.60442462 1.22268181 2.03075588 1.25301447 0.48599925 0.63463453
 1.15055287 2.3602033  1.1320883  1.87286446 0.9173491  1.09445883
 0.54963862 1.11736033 0.57095059 0.89230341 1.17080676 1.05537946
 1.66132412 0.56747218 1.04949557 0.58600803 0.54329964 1.30818108
 0.53136789 1.9984684  2.01658543 1.16863935 1.46035924 0.51853403
 0.88206244 1.99860126 0.51927441 1.67526549 0.74632194 0.71103751
 1.06327037 1.91839109 1.43702331 1.93870279 2.55671135 0.54251185
 1.17859638 1.53253849 0.8127723  0.9599885  0.52867278 0.6419504
 0.66105959 0.77123431 1.78148501 0.92570461 1.65901393 0.9355211
 0.47917055 2.12569298 1.51275669 1.76574885 1.46079537 1.18748332
 0.58820069 0.57997418 0.53303206 0.53332736 1.31476841 1.98124785
 1.25090478 0.56428665 1.07451305 0.66237398 1.06749458 1.33483175
 0.94016017 0.80221026 2.00337929 1.2327787  1.59033301 2.00430949
 1.3565261  0.62213009 1.22587823 1.81923136 2.33069345 0.50342268
 0.69294935 1.67909928 2.07031931 1.19434565 0.49652732 2.19392872
 0.82987788 0.99814194 0.6970023  1.17912915 1.46590351 1.27696171
 1.33522399 0.65782711 0.50003987 0.61566746 0.73237347 0.48577009
 2.43403586 0.5931714  1.60688762 2.45694448 1.33700967 1.32285132
 1.18080961 1.24186413 1.92771559 1.22345902 1.0838967  0.94152387
 1.51887341 0.94810363 0.81543156 0.76440814 2.26581324 0.69182969
 0.4913266  2.55214482 0.98122693 0.58894765 0.92467231 0.54994841
 0.6591159  1.58510903 0.81878899 2.14491901 0.68478833 1.019014
 2.33644251 0.54395878 0.83708621 0.58882687 0.95094328 0.47944786
 0.96092166 0.62144759 0.93503751 1.15205128 2.42870441 1.36995017
 0.69884651 0.88751539 1.16527851 0.50362055 0.47008497 1.91356705
 2.27313526 0.76856883 1.67907663 1.6951323  0.76135993 0.52718778
 1.45471891 1.09258233 0.77873879 1.54077881 0.93203304 1.37063122
 2.02143551 1.64065376 0.62017653 2.16752447 1.27078159 0.71741898
 2.29495736 1.65025266 2.00055523 0.6441378  1.08208829 0.65179587
 2.07362441 0.54336332 0.51904964 0.50728113 0.95557367 1.18848809
 0.74072424 2.25767648 1.67380891 0.84649778 1.09601135 0.87293927
 1.77645101 1.30030369 2.36795086 0.56683715 1.21028348 0.81462761
 0.69942477 2.20179987 0.85828803 0.88064727 1.51079483 1.17090939
 0.54732167 0.96478837 1.19307291 0.50153493 0.4995977  2.54656155
 0.5739037  2.10456308 1.55970737 1.20548529 2.14823053 1.0972615
 0.5808962  0.81790572 0.6620332  0.50702476 1.92820265 0.58444328
 0.56620995 0.57335337 1.78406311 0.46048953 0.56088415 0.96423564
 1.11939216 1.83422438 1.65828992 0.59168716 0.63278298 1.06322092
 1.0429283  1.14232251 0.62106796 0.79045749 0.83188715 1.97154544
 0.55734199 0.71523434 1.10078965 1.3057805  1.20612644 0.53791906
 0.7226527  0.56658517 0.45669465 0.49055174 1.44319569 0.91451947
 1.54238639 0.6136563  1.77034006 0.6193164  0.69815598 1.21226638
 1.71568862 0.49262631 0.82311878 1.23161873 0.58572839 2.51902074
 1.74521982 2.24808041 0.97235777 0.49640432 0.95751946 0.64822335
 1.26714171 0.74475813 2.50185119 0.6041325  1.83166672 1.33455947
 1.46136816 0.46000706 2.38185771 1.31739334 1.81597888 0.47638111
 0.83019743 0.52996231 1.34177599 0.59725667 1.11854143 0.62273476
 0.60190541 1.2698276  1.89020915 1.14138998 1.11093472 1.39743285
 1.09393699 2.28207339 1.25226365 0.74058045 0.99140315 0.55710832
 2.33311823 0.77233052 1.33109301 1.47668302 0.6230175  0.48614265
 0.66188261 1.67711667 1.17519543 1.12434927 0.56697162 0.73128277
 0.97552071 1.67153725 1.25853907 0.51936541 0.48046904 1.77918055
 0.70331342 0.70283596 1.22590228 1.02537702 1.22982405 0.9373597
 1.13521788 1.95107415 2.46633261 1.11727454 1.54858974 1.59352289
 1.87902992 1.231868   0.7606923  0.57159569 1.74865981 1.24989277
 1.44944231 1.11141736 0.5938225  2.05085724 1.23765028 1.82951386
 0.61268494 0.75594191 1.6591274  1.33185224 0.56346535 0.61414025
 2.00742085 0.8207617  1.29124321 1.11612299 1.69964276 1.17789862
 1.30861617 0.54473175 0.49112021 0.49429923 1.04504962 0.50616275
 1.46501754 0.5560985  0.62983574 0.4801756  0.77505874 0.56601651
 1.28740426 1.51744306 0.94003944 0.74720168 0.64378325 0.6045681
 0.96415443 0.69240214 0.97886052 0.55990294 0.62835523 0.60934741
 0.59648253 0.51103017 0.56180134 1.05946063 1.55883765 1.29833619
 2.2533189  2.11691242 0.70174909 2.05224506 1.2112427  0.57410358
 1.59940574 0.69779609 0.76452763 1.25407266 1.2562877  0.8684048
 1.60901712 0.97119288 1.4059591  0.56733917 1.47516112 1.22666428
 0.78413708 0.4690678  0.50278634 1.23855612 0.75538764 1.16397604
 1.091524   1.96312621 0.49101424 1.09628269 0.84420551 0.69623679
 0.96547907 0.69939638 1.00594211 0.73478239 0.81217956 2.12615792
 2.37039704 0.68829488 0.53346215 0.73495818 1.17974303 1.10616026
 0.87788218 0.94527933 0.54045146 1.41950969 1.18012526 0.49695649
 1.20106501 1.13809027 1.84522452 1.14455025 1.8813449  1.42361655
 0.59200178 2.21041607 1.45570015 1.28760277 0.79597317 0.6375641
 1.37378255 0.84282116 1.08927126 1.43410421 0.76653986 0.56365092
 0.64049652 1.68152095 0.50713031 1.2767445  0.74471416 0.87905903
 0.76441044 2.10610052 1.09804571 1.07169923 0.7107678  0.53620476
 1.52223781 0.7765983  1.53132746 1.27524998 0.48987382 2.21678772
 1.3046654  1.04906922 1.5030597  1.28680504 1.24526909 2.30965528
 2.42535701 0.60936397 0.62087552 0.97899254 2.48785189 1.82168683
 0.62582225 1.30686641 0.61183872 0.4736865  0.84241144 1.04157747
 1.27764117 0.64351663 1.10997797 1.05627183 1.33177574 0.94108512
 1.18039069 1.49234783 1.62263714 1.48247227 1.38600397 0.96955339
 0.90777339 0.56285024 0.49532867 0.60924603 0.57497828 0.64866657
 2.4157781  0.49608269 2.41994891 1.37145622 0.52967264 0.57079771
 0.85615173 0.69859568 0.80683138 1.53752101 1.18767445 0.82098862
 0.90420789 1.54861973 0.69857708 1.12797116 2.14988641 1.67032113
 1.19852622 0.50518517 0.53027216 0.82939504 1.03318962 0.53909943
 0.5119116  0.62497458 1.64904434 0.75459196 1.22111549 0.48091798
 0.59011876 1.18249287 0.75748529 0.93932338 0.50066738 0.6685894
 2.19593569 0.53844037 0.71039804 1.69559235 0.97133558 2.05388691
 0.48078437 1.0158358  0.70843614 0.67811868 1.37461954 0.55048199
 2.25277983 0.5956596  1.98482782 0.5090514  1.88874753 0.69354648
 0.61124816 0.59134194 1.3434015  0.63259556 0.65929572 0.48247148
 1.93521624 0.50420209 1.00766293 0.86210007 1.864166   0.82665573
 1.29247879 0.89994799 1.86825664 0.91785765 1.61812586 0.59664272
 0.52715049 0.96151687 1.23227522 2.5682768  0.93642551 0.5446208
 1.98548355 0.5658627  1.55794214 1.03292575 1.22646871 1.20834948
 1.04392845 1.38968438 2.1851025  0.58556265 0.54440616 1.20369527
 1.63258357 1.00378183 1.46562401 2.5577071  1.8265182  1.30806665
 0.9987668  1.3258877  0.94523141 2.17568966 2.11869384 1.03113024
 0.65155807 2.18029862 0.60822371]

Total time taken for covariance optimisation: 24.46 s

2. Maxima detection
Broadening coefficient: 1.0
Selected method:        Trust-region Newton-Raphson
Trust radius:           0.001
Convergence threshold:  1e-06

Point 0 converged in 125 steps
Point 1 converged in 55 steps
Point 2 converged in 365 steps
Point 3 converged in 209 steps
Point 4 converged in 241 steps
Point 5 converged in 91 steps
Point 6 converged in 37 steps
Point 7 converged in 45 steps
Point 8 converged in 218 steps
Point 9 converged in 62 steps
Point 10 converged in 195 steps
Point 11 converged in 106 steps
Point 12 converged in 172 steps
Point 13 converged in 297 steps
Point 14 converged in 51 steps
Point 15 converged in 36 steps
Point 16 converged in 231 steps
Point 17 converged in 87 steps
Point 18 converged in 106 steps
Point 19 converged in 139 steps
Point 20 converged in 65 steps
Point 21 converged in 491 steps
Point 22 converged in 386 steps
Point 23 converged in 91 steps
Point 24 converged in 199 steps
Point 25 converged in 183 steps
Point 26 converged in 345 steps
Point 27 converged in 116 steps
Point 28 converged in 67 steps
Point 29 converged in 113 steps
Point 30 converged in 207 steps
Point 31 converged in 115 steps
Point 32 converged in 412 steps
Point 33 converged in 121 steps
Point 34 converged in 196 steps
Point 35 converged in 84 steps
Point 36 converged in 150 steps
Point 37 converged in 221 steps
Point 38 converged in 218 steps
Point 39 converged in 124 steps
Point 40 converged in 25 steps
Point 41 converged in 92 steps
Point 42 converged in 55 steps
Point 43 converged in 224 steps
Point 44 converged in 267 steps
Point 45 converged in 307 steps
Point 46 converged in 317 steps
Point 47 converged in 410 steps
Point 48 converged in 94 steps
Point 49 converged in 359 steps
Point 50 converged in 47 steps
Point 51 converged in 258 steps
Point 52 converged in 183 steps
Point 53 converged in 266 steps
Point 54 converged in 177 steps
Point 55 converged in 171 steps
Point 56 converged in 416 steps
Point 57 converged in 100 steps
Point 58 converged in 119 steps
Point 59 converged in 221 steps
Point 60 converged in 59 steps
Point 61 converged in 245 steps
Point 62 converged in 330 steps
Point 63 converged in 211 steps
Point 64 converged in 123 steps
Point 65 converged in 91 steps
Point 66 converged in 70 steps
Point 67 converged in 365 steps
Point 68 converged in 73 steps
Point 69 converged in 214 steps
Point 70 converged in 120 steps
Point 71 converged in 251 steps
Point 72 converged in 49 steps
Point 73 converged in 310 steps
Point 74 converged in 278 steps
Point 75 converged in 381 steps
Point 76 converged in 60 steps
Point 77 converged in 73 steps
Point 78 converged in 257 steps
Point 79 converged in 314 steps
Point 80 converged in 296 steps
Point 81 converged in 235 steps
Point 82 converged in 119 steps
Point 83 converged in 96 steps
Point 84 converged in 125 steps
Point 85 converged in 323 steps
Point 86 converged in 317 steps
Point 87 converged in 74 steps
Point 88 converged in 195 steps
Point 89 converged in 35 steps
Point 90 converged in 96 steps
Point 91 converged in 288 steps
Point 92 converged in 156 steps
Point 93 converged in 355 steps
Point 94 converged in 300 steps
Point 95 converged in 115 steps
Point 96 converged in 135 steps
Point 97 converged in 106 steps
Point 98 converged in 38 steps
Point 99 converged in 111 steps
Point 100 converged in 162 steps
Point 101 converged in 191 steps
Point 102 converged in 130 steps
Point 103 converged in 97 steps
Point 104 converged in 216 steps
Point 105 converged in 167 steps
Point 106 converged in 200 steps
Point 107 converged in 121 steps
Point 108 converged in 65 steps
Point 109 converged in 358 steps
Point 110 converged in 85 steps
Point 111 converged in 37 steps
Point 112 converged in 124 steps
Point 113 converged in 374 steps
Point 114 converged in 135 steps
Point 115 converged in 124 steps
Point 116 converged in 413 steps
Point 117 converged in 130 steps
Point 118 converged in 501 steps
Point 119 converged in 45 steps
Point 120 converged in 140 steps
Point 121 converged in 148 steps
Point 122 converged in 227 steps
Point 123 converged in 413 steps
Point 124 converged in 36 steps
Point 125 converged in 380 steps
Point 126 converged in 151 steps
Point 127 converged in 99 steps
Point 128 converged in 159 steps
Point 129 converged in 53 steps
Point 130 converged in 234 steps
Point 131 converged in 306 steps
Point 132 converged in 72 steps
Point 133 converged in 149 steps
Point 134 converged in 55 steps
Point 135 converged in 72 steps
Point 136 converged in 210 steps
Point 137 converged in 14 steps
Point 138 converged in 335 steps
Point 139 converged in 98 steps
Point 140 converged in 249 steps
Point 141 converged in 307 steps
Point 142 converged in 412 steps
Point 143 converged in 190 steps
Point 144 converged in 237 steps
Point 145 converged in 160 steps
Point 146 converged in 160 steps
Point 147 converged in 193 steps
Point 148 converged in 113 steps
Point 149 converged in 102 steps
Point 150 converged in 195 steps
Point 151 converged in 69 steps
Point 152 converged in 33 steps
Point 153 converged in 189 steps
Point 154 converged in 180 steps
Point 155 converged in 275 steps
Point 156 converged in 30 steps
Point 157 converged in 705 steps
Point 158 converged in 88 steps
Point 159 converged in 90 steps
Point 160 converged in 75 steps
Point 161 converged in 93 steps
Point 162 converged in 194 steps
Point 163 converged in 357 steps
Point 164 converged in 297 steps
Point 165 converged in 451 steps
Point 166 converged in 195 steps
Point 167 converged in 174 steps
Point 168 converged in 210 steps
Point 169 converged in 90 steps
Point 170 converged in 202 steps
Point 171 converged in 122 steps
Point 172 converged in 221 steps
Point 173 converged in 54 steps
Point 174 converged in 73 steps
Point 175 converged in 167 steps
Point 176 converged in 147 steps
Point 177 converged in 173 steps
Point 178 converged in 348 steps
Point 179 converged in 152 steps
Point 180 converged in 97 steps
Point 181 converged in 62 steps
Point 182 converged in 156 steps
Point 183 converged in 44 steps
Point 184 converged in 31 steps
Point 185 converged in 558 steps
Point 186 converged in 138 steps
Point 187 converged in 159 steps
Point 188 converged in 193 steps
Point 189 converged in 294 steps
Point 190 converged in 156 steps
Point 191 converged in 82 steps
Point 192 converged in 217 steps
Point 193 converged in 62 steps
Point 194 converged in 138 steps
Point 195 converged in 143 steps
Point 196 converged in 223 steps
Point 197 converged in 445 steps
Point 198 converged in 141 steps
Point 199 converged in 276 steps
Point 200 converged in 166 steps
Point 201 converged in 374 steps
Point 202 converged in 78 steps
Point 203 converged in 121 steps
Point 204 converged in 236 steps
Point 205 converged in 341 steps
Point 206 converged in 194 steps
Point 207 converged in 72 steps
Point 208 converged in 248 steps
Point 209 converged in 143 steps
Point 210 converged in 244 steps
Point 211 converged in 163 steps
Point 212 converged in 97 steps
Point 213 converged in 69 steps
Point 214 converged in 117 steps
Point 215 converged in 114 steps
Point 216 converged in 231 steps
Point 217 converged in 417 steps
Point 218 converged in 319 steps
Point 219 converged in 322 steps
Point 220 converged in 47 steps
Point 221 converged in 220 steps
Point 222 converged in 529 steps
Point 223 converged in 209 steps
Point 224 converged in 640 steps
Point 225 converged in 77 steps
Point 226 converged in 64 steps
Point 227 converged in 29 steps
Point 228 converged in 127 steps
Point 229 converged in 328 steps
Point 230 converged in 197 steps
Point 231 converged in 53 steps
Point 232 converged in 274 steps
Point 233 converged in 121 steps
Point 234 converged in 82 steps
Point 235 converged in 192 steps
Point 236 converged in 65 steps
Point 237 converged in 81 steps
Point 238 converged in 40 steps
Point 239 converged in 212 steps
Point 240 converged in 180 steps
Point 241 converged in 415 steps
Point 242 converged in 17 steps
Point 243 converged in 286 steps
Point 244 converged in 384 steps
Point 245 converged in 57 steps
Point 246 converged in 179 steps
Point 247 converged in 28 steps
Point 248 converged in 114 steps
Point 249 converged in 52 steps
Point 250 converged in 429 steps
Point 251 converged in 72 steps
Point 252 converged in 80 steps
Point 253 converged in 109 steps
Point 254 converged in 198 steps
Point 255 converged in 32 steps
Point 256 converged in 191 steps
Point 257 converged in 200 steps
Point 258 converged in 32 steps
Point 259 converged in 182 steps
Point 260 converged in 150 steps
Point 261 converged in 146 steps
Point 262 converged in 159 steps
Point 263 converged in 39 steps
Point 264 converged in 246 steps
Point 265 converged in 212 steps
Point 266 converged in 55 steps
Point 267 converged in 338 steps
Point 268 converged in 199 steps
Point 269 converged in 266 steps
Point 270 converged in 132 steps
Point 271 converged in 159 steps
Point 272 converged in 117 steps
Point 273 converged in 286 steps
Point 274 converged in 182 steps
Point 275 converged in 114 steps
Point 276 converged in 248 steps
Point 277 converged in 77 steps
Point 278 converged in 11 steps
Point 279 converged in 75 steps
Point 280 converged in 242 steps
Point 281 converged in 59 steps
Point 282 converged in 366 steps
Point 283 converged in 140 steps
