DONKEY Clustering
Number of datapoints: 639
Number of features:   3
Periodic features:    []

1. Covariance Optimisation
Convergence threshold: 1e-08

Initial guess
[[1. 0. 0.]
 [0. 1. 0.]
 [0. 0. 1.]]
Iteration 1
Error: 2.5900764350784335
[[ 2.43984644e-01 -1.40069376e-04  4.59618364e-05]
 [-1.40069376e-04  1.56938712e-01  2.22703001e-05]
 [ 4.59618364e-05  2.22703001e-05  9.41681200e-03]]
Iteration 2
Error: 0.17825785795531796
[[ 1.43267193e-01  1.32287222e-04 -2.82024623e-06]
 [ 1.32287222e-04  8.47166716e-02  2.61233380e-04]
 [-2.82024623e-06  2.61233380e-04  5.21864860e-03]]
Iteration 3
Error: 0.08734089381619986
[[ 9.10359070e-02  3.24657803e-04 -3.73866048e-05]
 [ 3.24657803e-04  5.21813102e-02  5.33565409e-04]
 [-3.73866048e-05  5.33565409e-04  3.64294046e-03]]
Iteration 4
Error: 0.056292705510335085
[[ 5.70511879e-02  3.33433133e-04 -7.76281376e-05]
 [ 3.33433133e-04  3.12830684e-02  7.54610816e-04]
 [-7.76281376e-05  7.54610816e-04  2.77332036e-03]]
Iteration 5
Error: 0.03695884066486949
[[ 3.58946524e-02  7.43012978e-05 -1.14732675e-04]
 [ 7.43012978e-05  1.68754996e-02  8.73577954e-04]
 [-1.14732675e-04  8.73577954e-04  2.20899101e-03]]
Iteration 6
Error: 0.02115492423936657
[[ 0.02407186 -0.00021954 -0.00013161]
 [-0.00021954  0.00858503  0.00086098]
 [-0.00013161  0.00086098  0.00181395]]
Iteration 7
Error: 0.010635140176011769
[[ 0.0175304  -0.00031883 -0.00012756]
 [-0.00031883  0.00512444  0.00079106]
 [-0.00012756  0.00079106  0.0015274 ]]
Iteration 8
Error: 0.005661467743591626
[[ 0.01371487 -0.00029833 -0.00011684]
 [-0.00029833  0.00369312  0.000718  ]
 [-0.00011684  0.000718    0.00132134]]
Iteration 9
Error: 0.0034683911925968156
[[ 0.01136237 -0.00024515 -0.0001082 ]
 [-0.00024515  0.00296916  0.00065731]
 [-0.0001082   0.00065731  0.00117444]]
Iteration 10
Error: 0.00226965345383634
[[ 0.00983826 -0.0001878  -0.00010269]
 [-0.0001878   0.0025468   0.00061141]
 [-0.00010269  0.00061141  0.00106877]]
Iteration 11
Error: 0.0015522750340561965
[[ 8.81162576e-03 -1.33735749e-04 -9.97040464e-05]
 [-1.33735749e-04  2.27876814e-03  5.78145113e-04]
 [-9.97040464e-05  5.78145113e-04  9.91779027e-04]]
Iteration 12
Error: 0.0010951926876193092
[[ 8.10000803e-03 -8.42970835e-05 -9.85830595e-05]
 [-8.42970835e-05  2.09999327e-03  5.54675381e-04]
 [-9.85830595e-05  5.54675381e-04  9.35037714e-04]]
Iteration 13
Error: 0.000791368641611332
[[ 7.59664049e-03 -3.91883778e-05 -9.88318256e-05]
 [-3.91883778e-05  1.97714790e-03  5.38573137e-04]
 [-9.88318256e-05  5.38573137e-04  8.92801416e-04]]
Iteration 14
Error: 0.0005851154582464242
[[ 7.23560502e-03  2.15476553e-06 -1.00096070e-04]
 [ 2.15476553e-06  1.89124588e-03  5.27950315e-04]
 [-1.00096070e-04  5.27950315e-04  8.61083860e-04]]
Iteration 15
Error: 0.0004392187052656381
[[ 6.97432140e-03  4.01982659e-05 -1.02120258e-04]
 [ 4.01982659e-05  1.83060627e-03  5.21379630e-04]
 [-1.02120258e-04  5.21379630e-04  8.37065128e-04]]
Iteration 16
Error: 0.0003338585104854767
[[ 6.78426019e-03  7.52502737e-05 -1.04718174e-04]
 [ 7.52502737e-05  1.78763420e-03  5.17788249e-04]
 [-1.04718174e-04  5.17788249e-04  8.18722509e-04]]
Iteration 17
Error: 0.00025648233377730293
[[ 0.00664575  0.00010749 -0.00010775]
 [ 0.00010749  0.00175719  0.00051637]
 [-0.00010775  0.00051637  0.00080459]]
Iteration 18
Error: 0.00019943268582158278
[[ 0.00654491  0.00013704 -0.00011113]
 [ 0.00013704  0.00173571  0.00051651]
 [-0.00011113  0.00051651  0.0007936 ]]
Iteration 19
Error: 0.00016041190357861363
[[ 0.00647182  0.00016397 -0.00011476]
 [ 0.00016397  0.00172066  0.00051777]
 [-0.00011476  0.00051777  0.00078497]]
Iteration 20
Error: 0.00013035598215055714
[[ 0.00641924  0.00018837 -0.00011861]
 [ 0.00018837  0.00171023  0.00051978]
 [-0.00011861  0.00051978  0.00077813]]
Iteration 21
Error: 0.00010690647171710966
[[ 0.00638191  0.00021032 -0.00012261]
 [ 0.00021032  0.00170311  0.0005223 ]
 [-0.00012261  0.0005223   0.00077264]]
Iteration 22
Error: 8.839347734945053e-05
[[ 0.00635594  0.00022996 -0.00012675]
 [ 0.00022996  0.00169834  0.00052513]
 [-0.00012675  0.00052513  0.00076819]]
Iteration 23
Error: 7.361709111957147e-05
[[ 0.00633844  0.00024741 -0.00013098]
 [ 0.00024741  0.00169524  0.00052813]
 [-0.00013098  0.00052813  0.00076455]]
Iteration 24
Error: 6.17036698384534e-05
[[ 0.00632728  0.00026284 -0.00013528]
 [ 0.00026284  0.0016933   0.0005312 ]
 [-0.00013528  0.0005312   0.00076153]]
Iteration 25
Error: 5.2009386301826623e-05
[[ 0.00632088  0.00027641 -0.00013962]
 [ 0.00027641  0.00169216  0.00053427]
 [-0.00013962  0.00053427  0.00075902]]
Iteration 26
Error: 4.40543627825151e-05
[[ 0.00631804  0.00028828 -0.00014398]
 [ 0.00028828  0.00169155  0.00053728]
 [-0.00014398  0.00053728  0.0007569 ]]
Iteration 27
Error: 3.747700845515195e-05
[[ 0.00631787  0.00029864 -0.00014833]
 [ 0.00029864  0.0016913   0.0005402 ]
 [-0.00014833  0.0005402   0.00075511]]
Iteration 28
Error: 3.567719892832603e-05
[[ 0.00631971  0.00030764 -0.00015266]
 [ 0.00030764  0.00169126  0.00054301]
 [-0.00015266  0.00054301  0.00075358]]
Iteration 29
Error: 3.4255805081988614e-05
[[ 0.00632305  0.00031543 -0.00015694]
 [ 0.00031543  0.00169134  0.0005457 ]
 [-0.00015694  0.0005457   0.00075226]]
Iteration 30
Error: 3.27367417367012e-05
[[ 0.00632749  0.00032216 -0.00016116]
 [ 0.00032216  0.00169148  0.00054825]
 [-0.00016116  0.00054825  0.00075112]]
Iteration 31
Error: 3.113774740072349e-05
[[ 0.00633276  0.00032797 -0.00016531]
 [ 0.00032797  0.00169164  0.00055066]
 [-0.00016531  0.00055066  0.00075014]]
Iteration 32
Error: 2.9522073678244474e-05
[[ 0.00633862  0.00033297 -0.00016937]
 [ 0.00033297  0.00169177  0.00055294]
 [-0.00016937  0.00055294  0.00074929]]
Iteration 33
Error: 2.7931187692759095e-05
[[ 0.00634491  0.00033726 -0.00017333]
 [ 0.00033726  0.00169187  0.00055509]
 [-0.00017333  0.00055509  0.00074854]]
Iteration 34
Error: 2.6391199830946073e-05
[[ 0.00635147  0.00034095 -0.00017718]
 [ 0.00034095  0.00169193  0.00055711]
 [-0.00017718  0.00055711  0.0007479 ]]
Iteration 35
Error: 2.4917537509694745e-05
[[ 0.00635821  0.00034412 -0.00018093]
 [ 0.00034412  0.00169193  0.000559  ]
 [-0.00018093  0.000559    0.00074733]]
Iteration 36
Error: 2.362303538220754e-05
[[ 0.00636505  0.00034683 -0.00018455]
 [ 0.00034683  0.00169188  0.00056078]
 [-0.00018455  0.00056078  0.00074684]]
Iteration 37
Error: 2.2408629146682146e-05
[[ 0.00637191  0.00034916 -0.00018805]
 [ 0.00034916  0.00169177  0.00056245]
 [-0.00018805  0.00056245  0.00074641]]
Iteration 38
Error: 2.1267301865074547e-05
[[ 0.00637876  0.00035117 -0.00019143]
 [ 0.00035117  0.00169161  0.00056402]
 [-0.00019143  0.00056402  0.00074604]]
Iteration 39
Error: 2.0194905149190155e-05
[[ 0.00638553  0.00035289 -0.00019469]
 [ 0.00035289  0.00169141  0.00056549]
 [-0.00019469  0.00056549  0.00074573]]
Iteration 40
Error: 1.918695805557956e-05
[[ 0.00639221  0.00035437 -0.00019782]
 [ 0.00035437  0.00169116  0.00056687]
 [-0.00019782  0.00056687  0.00074545]]
Iteration 41
Error: 1.823894391866335e-05
[[ 0.00639876  0.00035564 -0.00020083]
 [ 0.00035564  0.00169087  0.00056817]
 [-0.00020083  0.00056817  0.00074522]]
Iteration 42
Error: 1.73464918991822e-05
[[ 0.00640517  0.00035675 -0.00020372]
 [ 0.00035675  0.00169055  0.00056938]
 [-0.00020372  0.00056938  0.00074502]]
Iteration 43
Error: 1.6505480092653612e-05
[[ 0.00641143  0.0003577  -0.00020649]
 [ 0.0003577   0.00169019  0.00057052]
 [-0.00020649  0.00057052  0.00074485]]
Iteration 44
Error: 1.5712086407808454e-05
[[ 0.00641751  0.00035854 -0.00020914]
 [ 0.00035854  0.00168981  0.0005716 ]
 [-0.00020914  0.0005716   0.00074472]]
Iteration 45
Error: 1.4962805634399833e-05
[[ 0.00642341  0.00035926 -0.00021167]
 [ 0.00035926  0.0016894   0.0005726 ]
 [-0.00021167  0.0005726   0.0007446 ]]
Iteration 46
Error: 1.4254445465285322e-05
[[ 0.00642914  0.0003599  -0.0002141 ]
 [ 0.0003599   0.00168898  0.00057355]
 [-0.0002141   0.00057355  0.00074451]]
Iteration 47
Error: 1.3584110178003518e-05
[[ 0.00643467  0.00036046 -0.00021642]
 [ 0.00036046  0.00168854  0.00057445]
 [-0.00021642  0.00057445  0.00074445]]
Iteration 48
Error: 1.2949177798067773e-05
[[ 0.00644002  0.00036095 -0.00021863]
 [ 0.00036095  0.00168809  0.00057529]
 [-0.00021863  0.00057529  0.0007444 ]]
Iteration 49
Error: 1.2347274540406964e-05
[[ 0.00644517  0.00036139 -0.00022075]
 [ 0.00036139  0.00168762  0.00057608]
 [-0.00022075  0.00057608  0.00074436]]
Iteration 50
Error: 1.177624891857853e-05
[[ 0.00645014  0.00036178 -0.00022276]
 [ 0.00036178  0.00168715  0.00057683]
 [-0.00022276  0.00057683  0.00074435]]
Iteration 51
Error: 1.1234146954166549e-05
[[ 0.00645493  0.00036214 -0.00022469]
 [ 0.00036214  0.00168668  0.00057753]
 [-0.00022469  0.00057753  0.00074434]]
Iteration 52
Error: 1.0732270723611665e-05
[[ 0.00645953  0.00036246 -0.00022653]
 [ 0.00036246  0.0016862   0.0005782 ]
 [-0.00022653  0.0005782   0.00074435]]
Iteration 53
Error: 1.0263644655446585e-05
[[ 0.00646395  0.00036275 -0.00022828]
 [ 0.00036275  0.00168572  0.00057883]
 [-0.00022828  0.00057883  0.00074436]]
Iteration 54
Error: 9.816645031599479e-06
[[ 0.0064682   0.00036302 -0.00022995]
 [ 0.00036302  0.00168524  0.00057942]
 [-0.00022995  0.00057942  0.00074439]]
Iteration 55
Error: 9.390117806384944e-06
[[ 0.00647228  0.00036327 -0.00023154]
 [ 0.00036327  0.00168477  0.00057998]
 [-0.00023154  0.00057998  0.00074442]]
Iteration 56
Error: 8.982994744587147e-06
[[ 0.00647619  0.00036349 -0.00023306]
 [ 0.00036349  0.0016843   0.00058052]
 [-0.00023306  0.00058052  0.00074447]]
Iteration 57
Error: 8.594283705126347e-06
[[ 0.00647994  0.00036371 -0.00023451]
 [ 0.00036371  0.00168383  0.00058102]
 [-0.00023451  0.00058102  0.00074451]]
Iteration 58
Error: 8.223060256607557e-06
[[ 0.00648353  0.00036391 -0.00023589]
 [ 0.00036391  0.00168337  0.0005815 ]
 [-0.00023589  0.0005815   0.00074457]]
Iteration 59
Error: 7.868460470502887e-06
[[ 0.00648698  0.0003641  -0.0002372 ]
 [ 0.0003641   0.00168292  0.00058195]
 [-0.0002372   0.00058195  0.00074462]]
Iteration 60
Error: 7.529674740129101e-06
[[ 0.00649028  0.00036427 -0.00023846]
 [ 0.00036427  0.00168247  0.00058238]
 [-0.00023846  0.00058238  0.00074468]]
Iteration 61
Error: 7.205942480298052e-06
[[ 0.00649344  0.00036444 -0.00023965]
 [ 0.00036444  0.00168203  0.00058279]
 [-0.00023965  0.00058279  0.00074475]]
Iteration 62
Error: 6.896547577271662e-06
[[ 0.00649647  0.0003646  -0.00024079]
 [ 0.0003646   0.0016816   0.00058317]
 [-0.00024079  0.00058317  0.00074482]]
Iteration 63
Error: 6.600814472550328e-06
[[ 0.00649936  0.00036476 -0.00024188]
 [ 0.00036476  0.00168118  0.00058354]
 [-0.00024188  0.00058354  0.00074489]]
Iteration 64
Error: 6.3181047801261474e-06
[[ 0.00650213  0.0003649  -0.00024292]
 [ 0.0003649   0.00168077  0.00058389]
 [-0.00024292  0.00058389  0.00074496]]
Iteration 65
Error: 6.047814349636625e-06
[[ 0.00650479  0.00036504 -0.0002439 ]
 [ 0.00036504  0.00168037  0.00058422]
 [-0.0002439   0.00058422  0.00074503]]
Iteration 66
Error: 5.7893707039429875e-06
[[ 0.00650732  0.00036518 -0.00024485]
 [ 0.00036518  0.00167998  0.00058453]
 [-0.00024485  0.00058453  0.00074511]]
Iteration 67
Error: 5.54223078752308e-06
[[ 0.00650975  0.00036531 -0.00024575]
 [ 0.00036531  0.0016796   0.00058483]
 [-0.00024575  0.00058483  0.00074518]]
Iteration 68
Error: 5.305878976258902e-06
[[ 0.00651207  0.00036543 -0.0002466 ]
 [ 0.00036543  0.00167922  0.00058512]
 [-0.0002466   0.00058512  0.00074526]]
Iteration 69
Error: 5.079825305101559e-06
[[ 0.0065143   0.00036556 -0.00024742]
 [ 0.00036556  0.00167886  0.00058539]
 [-0.00024742  0.00058539  0.00074533]]
Iteration 70
Error: 4.863603879043691e-06
[[ 0.00651642  0.00036567 -0.0002482 ]
 [ 0.00036567  0.00167851  0.00058565]
 [-0.0002482   0.00058565  0.00074541]]
Iteration 71
Error: 4.6567714383035546e-06
[[ 0.00651846  0.00036579 -0.00024895]
 [ 0.00036579  0.00167817  0.00058589]
 [-0.00024895  0.00058589  0.00074548]]
Iteration 72
Error: 4.458906054483113e-06
[[ 0.0065204   0.00036589 -0.00024966]
 [ 0.00036589  0.00167784  0.00058613]
 [-0.00024966  0.00058613  0.00074556]]
Iteration 73
Error: 4.2696059383884365e-06
[[ 0.00652226  0.000366   -0.00025033]
 [ 0.000366    0.00167752  0.00058635]
 [-0.00025033  0.00058635  0.00074563]]
Iteration 74
Error: 4.088488343437918e-06
[[ 0.00652404  0.0003661  -0.00025098]
 [ 0.0003661   0.00167721  0.00058657]
 [-0.00025098  0.00058657  0.0007457 ]]
Iteration 75
Error: 3.915188551958503e-06
[[ 0.00652574  0.0003662  -0.0002516 ]
 [ 0.0003662   0.0016769   0.00058677]
 [-0.0002516   0.00058677  0.00074577]]
Iteration 76
Error: 3.749358934181362e-06
[[ 0.00652737  0.0003663  -0.00025219]
 [ 0.0003663   0.00167661  0.00058696]
 [-0.00025219  0.00058696  0.00074584]]
Iteration 77
Error: 3.5906680703970016e-06
[[ 0.00652893  0.00036639 -0.00025275]
 [ 0.00036639  0.00167633  0.00058715]
 [-0.00025275  0.00058715  0.00074591]]
Iteration 78
Error: 3.438799930178876e-06
[[ 0.00653042  0.00036648 -0.00025329]
 [ 0.00036648  0.00167606  0.00058732]
 [-0.00025329  0.00058732  0.00074598]]
Iteration 79
Error: 3.2934531018761386e-06
[[ 0.00653184  0.00036657 -0.0002538 ]
 [ 0.00036657  0.00167579  0.00058749]
 [-0.0002538   0.00058749  0.00074605]]
Iteration 80
Error: 3.154340068158533e-06
[[ 0.0065332   0.00036665 -0.00025429]
 [ 0.00036665  0.00167554  0.00058765]
 [-0.00025429  0.00058765  0.00074611]]
Iteration 81
Error: 3.021186522782324e-06
[[ 0.00653451  0.00036673 -0.00025476]
 [ 0.00036673  0.00167529  0.00058781]
 [-0.00025476  0.00058781  0.00074618]]
Iteration 82
Error: 2.893730726023433e-06
[[ 0.00653576  0.00036681 -0.00025521]
 [ 0.00036681  0.00167505  0.00058795]
 [-0.00025521  0.00058795  0.00074624]]
Iteration 83
Error: 2.7717228947335935e-06
[[ 0.00653695  0.00036689 -0.00025564]
 [ 0.00036689  0.00167482  0.00058809]
 [-0.00025564  0.00058809  0.0007463 ]]
Iteration 84
Error: 2.654924625280792e-06
[[ 0.00653809  0.00036696 -0.00025605]
 [ 0.00036696  0.0016746   0.00058823]
 [-0.00025605  0.00058823  0.00074636]]
Iteration 85
Error: 2.5431083467907737e-06
[[ 0.00653918  0.00036703 -0.00025644]
 [ 0.00036703  0.00167438  0.00058835]
 [-0.00025644  0.00058835  0.00074642]]
Iteration 86
Error: 2.4360568024580026e-06
[[ 0.00654023  0.0003671  -0.00025681]
 [ 0.0003671   0.00167418  0.00058847]
 [-0.00025681  0.00058847  0.00074648]]
Iteration 87
Error: 2.3335625579343515e-06
[[ 0.00654123  0.00036717 -0.00025717]
 [ 0.00036717  0.00167398  0.00058859]
 [-0.00025717  0.00058859  0.00074653]]
Iteration 88
Error: 2.235427534342518e-06
[[ 0.00654219  0.00036723 -0.00025751]
 [ 0.00036723  0.00167379  0.0005887 ]
 [-0.00025751  0.0005887   0.00074658]]
Iteration 89
Error: 2.141462564914749e-06
[[ 0.0065431   0.00036729 -0.00025783]
 [ 0.00036729  0.0016736   0.00058881]
 [-0.00025783  0.00058881  0.00074664]]
Iteration 90
Error: 2.051486974059911e-06
[[ 0.00654398  0.00036735 -0.00025814]
 [ 0.00036735  0.00167342  0.00058891]
 [-0.00025814  0.00058891  0.00074669]]
Iteration 91
Error: 1.9653281773541467e-06
[[ 0.00654482  0.00036741 -0.00025844]
 [ 0.00036741  0.00167325  0.00058901]
 [-0.00025844  0.00058901  0.00074673]]
Iteration 92
Error: 1.882821301384249e-06
[[ 0.00654562  0.00036747 -0.00025873]
 [ 0.00036747  0.00167309  0.0005891 ]
 [-0.00025873  0.0005891   0.00074678]]
Iteration 93
Error: 1.8038088224509464e-06
[[ 0.00654639  0.00036752 -0.000259  ]
 [ 0.00036752  0.00167293  0.00058919]
 [-0.000259    0.00058919  0.00074683]]
Iteration 94
Error: 1.7281402233535392e-06
[[ 0.00654713  0.00036757 -0.00025926]
 [ 0.00036757  0.00167277  0.00058928]
 [-0.00025926  0.00058928  0.00074687]]
Iteration 95
Error: 1.65567166682235e-06
[[ 0.00654783  0.00036762 -0.00025951]
 [ 0.00036762  0.00167263  0.00058936]
 [-0.00025951  0.00058936  0.00074691]]
Iteration 96
Error: 1.5862656850752126e-06
[[ 0.00654851  0.00036767 -0.00025975]
 [ 0.00036767  0.00167249  0.00058943]
 [-0.00025975  0.00058943  0.00074696]]
Iteration 97
Error: 1.5197908849215284e-06
[[ 0.00654915  0.00036771 -0.00025998]
 [ 0.00036771  0.00167235  0.00058951]
 [-0.00025998  0.00058951  0.000747  ]]
Iteration 98
Error: 1.4561216668494952e-06
[[ 0.00654977  0.00036776 -0.0002602 ]
 [ 0.00036776  0.00167222  0.00058958]
 [-0.0002602   0.00058958  0.00074703]]
Iteration 99
Error: 1.3951379582147943e-06
[[ 0.00655036  0.0003678  -0.0002604 ]
 [ 0.0003678   0.00167209  0.00058965]
 [-0.0002604   0.00058965  0.00074707]]
Iteration 100
Error: 1.3367249592478002e-06
[[ 0.00655093  0.00036784 -0.0002606 ]
 [ 0.00036784  0.00167197  0.00058971]
 [-0.0002606   0.00058971  0.00074711]]
Iteration 101
Error: 1.2807729013636663e-06
[[ 0.00655147  0.00036788 -0.00026079]
 [ 0.00036788  0.00167185  0.00058978]
 [-0.00026079  0.00058978  0.00074714]]
Iteration 102
Error: 1.2271768174839607e-06
[[ 0.00655199  0.00036792 -0.00026098]
 [ 0.00036792  0.00167174  0.00058984]
 [-0.00026098  0.00058984  0.00074718]]
Iteration 103
Error: 1.1758363231829765e-06
[[ 0.00655249  0.00036796 -0.00026115]
 [ 0.00036796  0.00167163  0.00058989]
 [-0.00026115  0.00058989  0.00074721]]
Iteration 104
Error: 1.126655408375957e-06
[[ 0.00655297  0.00036799 -0.00026132]
 [ 0.00036799  0.00167153  0.00058995]
 [-0.00026132  0.00058995  0.00074724]]
Iteration 105
Error: 1.079542239397881e-06
[[ 0.00655342  0.00036803 -0.00026148]
 [ 0.00036803  0.00167143  0.00059   ]
 [-0.00026148  0.00059     0.00074727]]
Iteration 106
Error: 1.0344089700117364e-06
[[ 0.00655386  0.00036806 -0.00026163]
 [ 0.00036806  0.00167133  0.00059005]
 [-0.00026163  0.00059005  0.0007473 ]]
Iteration 107
Error: 9.911715620396309e-07
[[ 0.00655428  0.00036809 -0.00026178]
 [ 0.00036809  0.00167124  0.0005901 ]
 [-0.00026178  0.0005901   0.00074733]]
Iteration 108
Error: 9.497496139827376e-07
[[ 0.00655468  0.00036812 -0.00026192]
 [ 0.00036812  0.00167115  0.00059014]
 [-0.00026192  0.00059014  0.00074735]]
Iteration 109
Error: 9.100661983285196e-07
[[ 0.00655506  0.00036815 -0.00026206]
 [ 0.00036815  0.00167107  0.00059019]
 [-0.00026206  0.00059019  0.00074738]]
Iteration 110
Error: 8.720477060779807e-07
[[ 0.00655543  0.00036818 -0.00026219]
 [ 0.00036818  0.00167099  0.00059023]
 [-0.00026219  0.00059023  0.00074741]]
Iteration 111
Error: 8.356236988790299e-07
[[ 0.00655578  0.00036821 -0.00026231]
 [ 0.00036821  0.00167091  0.00059027]
 [-0.00026231  0.00059027  0.00074743]]
Iteration 112
Error: 8.007267679261331e-07
[[ 0.00655612  0.00036823 -0.00026243]
 [ 0.00036823  0.00167083  0.00059031]
 [-0.00026243  0.00059031  0.00074745]]
Iteration 113
Error: 7.672924000288192e-07
[[ 0.00655644  0.00036826 -0.00026254]
 [ 0.00036826  0.00167076  0.00059035]
 [-0.00026254  0.00059035  0.00074748]]
Iteration 114
Error: 7.35258848849011e-07
[[ 0.00655675  0.00036828 -0.00026265]
 [ 0.00036828  0.00167069  0.00059038]
 [-0.00026265  0.00059038  0.0007475 ]]
Iteration 115
Error: 7.045670131672387e-07
[[ 0.00655705  0.0003683  -0.00026275]
 [ 0.0003683   0.00167063  0.00059041]
 [-0.00026275  0.00059041  0.00074752]]
Iteration 116
Error: 6.751603204409535e-07
[[ 0.00655733  0.00036833 -0.00026285]
 [ 0.00036833  0.00167056  0.00059045]
 [-0.00026285  0.00059045  0.00074754]]
Iteration 117
Error: 6.469846154415681e-07
[[ 0.0065576   0.00036835 -0.00026295]
 [ 0.00036835  0.0016705   0.00059048]
 [-0.00026295  0.00059048  0.00074756]]
Iteration 118
Error: 6.199880543576123e-07
[[ 0.00655786  0.00036837 -0.00026304]
 [ 0.00036837  0.00167044  0.00059051]
 [-0.00026304  0.00059051  0.00074757]]
Iteration 119
Error: 5.941210038960592e-07
[[ 0.00655811  0.00036839 -0.00026312]
 [ 0.00036839  0.00167039  0.00059054]
 [-0.00026312  0.00059054  0.00074759]]
Iteration 120
Error: 5.693359444143911e-07
[[ 0.00655835  0.00036841 -0.00026321]
 [ 0.00036841  0.00167033  0.00059056]
 [-0.00026321  0.00059056  0.00074761]]
Iteration 121
Error: 5.455873780523543e-07
[[ 0.00655858  0.00036842 -0.00026329]
 [ 0.00036842  0.00167028  0.00059059]
 [-0.00026329  0.00059059  0.00074763]]
Iteration 122
Error: 5.22831740717945e-07
[[ 0.0065588   0.00036844 -0.00026336]
 [ 0.00036844  0.00167023  0.00059062]
 [-0.00026336  0.00059062  0.00074764]]
Iteration 123
Error: 5.010273181931457e-07
[[ 0.00655901  0.00036846 -0.00026344]
 [ 0.00036846  0.00167018  0.00059064]
 [-0.00026344  0.00059064  0.00074766]]
Iteration 124
Error: 4.8013416595479e-07
[[ 0.00655921  0.00036847 -0.00026351]
 [ 0.00036847  0.00167014  0.00059066]
 [-0.00026351  0.00059066  0.00074767]]
Iteration 125
Error: 4.601140326605715e-07
[[ 0.0065594   0.00036849 -0.00026358]
 [ 0.00036849  0.00167009  0.00059068]
 [-0.00026358  0.00059068  0.00074769]]
Iteration 126
Error: 4.409302869632292e-07
[[ 0.00655959  0.0003685  -0.00026364]
 [ 0.0003685   0.00167005  0.00059071]
 [-0.00026364  0.00059071  0.0007477 ]]
Iteration 127
Error: 4.225478476325246e-07
[[ 0.00655977  0.00036852 -0.0002637 ]
 [ 0.00036852  0.00167001  0.00059073]
 [-0.0002637   0.00059073  0.00074771]]
Iteration 128
Error: 4.049331170615563e-07
[[ 0.00655994  0.00036853 -0.00026376]
 [ 0.00036853  0.00166997  0.00059074]
 [-0.00026376  0.00059074  0.00074772]]
Iteration 129
Error: 3.880539171894357e-07
[[ 0.0065601   0.00036855 -0.00026382]
 [ 0.00036855  0.00166993  0.00059076]
 [-0.00026382  0.00059076  0.00074774]]
Iteration 130
Error: 3.718794287882422e-07
[[ 0.00656025  0.00036856 -0.00026387]
 [ 0.00036856  0.0016699   0.00059078]
 [-0.00026387  0.00059078  0.00074775]]
Iteration 131
Error: 3.5638013316753245e-07
[[ 0.0065604   0.00036857 -0.00026392]
 [ 0.00036857  0.00166986  0.0005908 ]
 [-0.00026392  0.0005908   0.00074776]]
Iteration 132
Error: 3.415277564104615e-07
[[ 0.00656055  0.00036858 -0.00026397]
 [ 0.00036858  0.00166983  0.00059081]
 [-0.00026397  0.00059081  0.00074777]]
Iteration 133
Error: 3.272952162334565e-07
[[ 0.00656068  0.00036859 -0.00026402]
 [ 0.00036859  0.0016698   0.00059083]
 [-0.00026402  0.00059083  0.00074778]]
Iteration 134
Error: 3.1365657122593097e-07
[[ 0.00656081  0.0003686  -0.00026407]
 [ 0.0003686   0.00166977  0.00059084]
 [-0.00026407  0.00059084  0.00074779]]
Iteration 135
Error: 3.0058697186039277e-07
[[ 0.00656094  0.00036861 -0.00026411]
 [ 0.00036861  0.00166974  0.00059086]
 [-0.00026411  0.00059086  0.0007478 ]]
Iteration 136
Error: 2.8806261441894753e-07
[[ 0.00656106  0.00036862 -0.00026415]
 [ 0.00036862  0.00166971  0.00059087]
 [-0.00026415  0.00059087  0.00074781]]
Iteration 137
Error: 2.760606960460713e-07
[[ 0.00656118  0.00036863 -0.00026419]
 [ 0.00036863  0.00166968  0.00059089]
 [-0.00026419  0.00059089  0.00074782]]
Iteration 138
Error: 2.6455937250267295e-07
[[ 0.00656129  0.00036864 -0.00026423]
 [ 0.00036864  0.00166966  0.0005909 ]
 [-0.00026423  0.0005909   0.00074782]]
Iteration 139
Error: 2.5353771723659463e-07
[[ 0.00656139  0.00036865 -0.00026427]
 [ 0.00036865  0.00166963  0.00059091]
 [-0.00026427  0.00059091  0.00074783]]
Iteration 140
Error: 2.429756827238656e-07
[[ 0.00656149  0.00036866 -0.0002643 ]
 [ 0.00036866  0.00166961  0.00059092]
 [-0.0002643   0.00059092  0.00074784]]
Iteration 141
Error: 2.3285406282921427e-07
[[ 0.00656159  0.00036867 -0.00026434]
 [ 0.00036867  0.00166959  0.00059093]
 [-0.00026434  0.00059093  0.00074785]]
Iteration 142
Error: 2.231544575903143e-07
[[ 0.00656168  0.00036867 -0.00026437]
 [ 0.00036867  0.00166957  0.00059094]
 [-0.00026437  0.00059094  0.00074785]]
Iteration 143
Error: 2.1385923859942608e-07
[[ 0.00656177  0.00036868 -0.0002644 ]
 [ 0.00036868  0.00166955  0.00059095]
 [-0.0002644   0.00059095  0.00074786]]
Iteration 144
Error: 2.049515168474781e-07
[[ 0.00656186  0.00036869 -0.00026443]
 [ 0.00036869  0.00166953  0.00059096]
 [-0.00026443  0.00059096  0.00074787]]
Iteration 145
Error: 1.9641511114006516e-07
[[ 0.00656194  0.00036869 -0.00026446]
 [ 0.00036869  0.00166951  0.00059097]
 [-0.00026446  0.00059097  0.00074787]]
Iteration 146
Error: 1.88234518450482e-07
[[ 0.00656202  0.0003687  -0.00026449]
 [ 0.0003687   0.00166949  0.00059098]
 [-0.00026449  0.00059098  0.00074788]]
Iteration 147
Error: 1.8039488504590154e-07
[[ 0.0065621   0.00036871 -0.00026451]
 [ 0.00036871  0.00166947  0.00059099]
 [-0.00026451  0.00059099  0.00074788]]
Iteration 148
Error: 1.728819792830077e-07
[[ 0.00656217  0.00036871 -0.00026454]
 [ 0.00036871  0.00166945  0.000591  ]
 [-0.00026454  0.000591    0.00074789]]
Iteration 149
Error: 1.6568216539177005e-07
[[ 0.00656224  0.00036872 -0.00026456]
 [ 0.00036872  0.00166944  0.00059101]
 [-0.00026456  0.00059101  0.00074789]]
Iteration 150
Error: 1.5878237830569027e-07
[[ 0.0065623   0.00036872 -0.00026458]
 [ 0.00036872  0.00166942  0.00059101]
 [-0.00026458  0.00059101  0.0007479 ]]
Iteration 151
Error: 1.5217009958633405e-07
[[ 0.00656237  0.00036873 -0.00026461]
 [ 0.00036873  0.00166941  0.00059102]
 [-0.00026461  0.00059102  0.0007479 ]]
Iteration 152
Error: 1.4583333452877593e-07
[[ 0.00656243  0.00036873 -0.00026463]
 [ 0.00036873  0.00166939  0.00059103]
 [-0.00026463  0.00059103  0.00074791]]
Iteration 153
Error: 1.397605901091439e-07
[[ 0.00656249  0.00036874 -0.00026465]
 [ 0.00036874  0.00166938  0.00059103]
 [-0.00026465  0.00059103  0.00074791]]
Iteration 154
Error: 1.3394085378120278e-07
[[ 0.00656254  0.00036874 -0.00026467]
 [ 0.00036874  0.00166937  0.00059104]
 [-0.00026467  0.00059104  0.00074792]]
Iteration 155
Error: 1.2836357352464904e-07
[[ 0.0065626   0.00036875 -0.00026469]
 [ 0.00036875  0.00166935  0.00059105]
 [-0.00026469  0.00059105  0.00074792]]
Iteration 156
Error: 1.2301863820240316e-07
[[ 0.00656265  0.00036875 -0.0002647 ]
 [ 0.00036875  0.00166934  0.00059105]
 [-0.0002647   0.00059105  0.00074793]]
Iteration 157
Error: 1.1789635933181011e-07
[[ 0.0065627   0.00036876 -0.00026472]
 [ 0.00036876  0.00166933  0.00059106]
 [-0.00026472  0.00059106  0.00074793]]
Iteration 158
Error: 1.1298745317698047e-07
[[ 0.00656274  0.00036876 -0.00026474]
 [ 0.00036876  0.00166932  0.00059106]
 [-0.00026474  0.00059106  0.00074793]]
Iteration 159
Error: 1.0828302380325259e-07
[[ 0.00656279  0.00036876 -0.00026475]
 [ 0.00036876  0.00166931  0.00059107]
 [-0.00026475  0.00059107  0.00074794]]
Iteration 160
Error: 1.0377454682814619e-07
[[ 0.00656283  0.00036877 -0.00026477]
 [ 0.00036877  0.0016693   0.00059107]
 [-0.00026477  0.00059107  0.00074794]]
Iteration 161
Error: 9.945385385048446e-08
[[ 0.00656287  0.00036877 -0.00026478]
 [ 0.00036877  0.00166929  0.00059108]
 [-0.00026478  0.00059108  0.00074794]]
Iteration 162
Error: 9.531311752602589e-08
[[ 0.00656291  0.00036877 -0.0002648 ]
 [ 0.00036877  0.00166928  0.00059108]
 [-0.0002648   0.00059108  0.00074795]]
Iteration 163
Error: 9.134483733698549e-08
[[ 0.00656295  0.00036878 -0.00026481]
 [ 0.00036878  0.00166927  0.00059109]
 [-0.00026481  0.00059109  0.00074795]]
Iteration 164
Error: 8.754182573538893e-08
[[ 0.00656299  0.00036878 -0.00026482]
 [ 0.00036878  0.00166926  0.00059109]
 [-0.00026482  0.00059109  0.00074795]]
Iteration 165
Error: 8.389719524150036e-08
[[ 0.00656302  0.00036878 -0.00026483]
 [ 0.00036878  0.00166925  0.0005911 ]
 [-0.00026483  0.0005911   0.00074795]]
Iteration 166
Error: 8.040434576505381e-08
[[ 0.00656306  0.00036879 -0.00026485]
 [ 0.00036879  0.00166925  0.0005911 ]
 [-0.00026485  0.0005911   0.00074796]]
Iteration 167
Error: 7.705695253396299e-08
[[ 0.00656309  0.00036879 -0.00026486]
 [ 0.00036879  0.00166924  0.0005911 ]
 [-0.00026486  0.0005911   0.00074796]]
Iteration 168
Error: 7.384895488583929e-08
[[ 0.00656312  0.00036879 -0.00026487]
 [ 0.00036879  0.00166923  0.00059111]
 [-0.00026487  0.00059111  0.00074796]]
Iteration 169
Error: 7.077454468556836e-08
[[ 0.00656315  0.00036879 -0.00026488]
 [ 0.00036879  0.00166922  0.00059111]
 [-0.00026488  0.00059111  0.00074796]]
Iteration 170
Error: 6.782815626076976e-08
[[ 0.00656318  0.0003688  -0.00026489]
 [ 0.0003688   0.00166922  0.00059111]
 [-0.00026489  0.00059111  0.00074797]]
Iteration 171
Error: 6.500445599367296e-08
[[ 0.0065632   0.0003688  -0.0002649 ]
 [ 0.0003688   0.00166921  0.00059112]
 [-0.0002649   0.00059112  0.00074797]]
Iteration 172
Error: 6.229833275314157e-08
[[ 0.00656323  0.0003688  -0.00026491]
 [ 0.0003688   0.0016692   0.00059112]
 [-0.00026491  0.00059112  0.00074797]]
Iteration 173
Error: 5.970488845777767e-08
[[ 0.00656325  0.0003688  -0.00026491]
 [ 0.0003688   0.0016692   0.00059112]
 [-0.00026491  0.00059112  0.00074797]]
Iteration 174
Error: 5.7219429359912054e-08
[[ 0.00656328  0.0003688  -0.00026492]
 [ 0.0003688   0.00166919  0.00059112]
 [-0.00026492  0.00059112  0.00074797]]
Iteration 175
Error: 5.483745735398917e-08
[[ 0.0065633   0.00036881 -0.00026493]
 [ 0.00036881  0.00166919  0.00059113]
 [-0.00026493  0.00059113  0.00074798]]
Iteration 176
Error: 5.2554661921270195e-08
[[ 0.00656332  0.00036881 -0.00026494]
 [ 0.00036881  0.00166918  0.00059113]
 [-0.00026494  0.00059113  0.00074798]]
Iteration 177
Error: 5.0366912065862544e-08
[[ 0.00656334  0.00036881 -0.00026495]
 [ 0.00036881  0.00166918  0.00059113]
 [-0.00026495  0.00059113  0.00074798]]
Iteration 178
Error: 4.8270249100763885e-08
[[ 0.00656336  0.00036881 -0.00026495]
 [ 0.00036881  0.00166917  0.00059113]
 [-0.00026495  0.00059113  0.00074798]]
Iteration 179
Error: 4.626087943867662e-08
[[ 0.00656338  0.00036881 -0.00026496]
 [ 0.00036881  0.00166917  0.00059114]
 [-0.00026496  0.00059114  0.00074798]]
Iteration 180
Error: 4.433516740071173e-08
[[ 0.0065634   0.00036881 -0.00026497]
 [ 0.00036881  0.00166916  0.00059114]
 [-0.00026497  0.00059114  0.00074798]]
Iteration 181
Error: 4.2489629046085775e-08
[[ 0.00656342  0.00036882 -0.00026497]
 [ 0.00036882  0.00166916  0.00059114]
 [-0.00026497  0.00059114  0.00074798]]
Iteration 182
Error: 4.072092537991956e-08
[[ 0.00656344  0.00036882 -0.00026498]
 [ 0.00036882  0.00166916  0.00059114]
 [-0.00026498  0.00059114  0.00074799]]
Iteration 183
Error: 3.9025856691859637e-08
[[ 0.00656345  0.00036882 -0.00026498]
 [ 0.00036882  0.00166915  0.00059114]
 [-0.00026498  0.00059114  0.00074799]]
Iteration 184
Error: 3.7401356640996523e-08
[[ 0.00656347  0.00036882 -0.00026499]
 [ 0.00036882  0.00166915  0.00059115]
 [-0.00026499  0.00059115  0.00074799]]
Iteration 185
Error: 3.5844486495823814e-08
[[ 0.00656348  0.00036882 -0.00026499]
 [ 0.00036882  0.00166914  0.00059115]
 [-0.00026499  0.00059115  0.00074799]]
Iteration 186
Error: 3.43524301228389e-08
[[ 0.0065635   0.00036882 -0.000265  ]
 [ 0.00036882  0.00166914  0.00059115]
 [-0.000265    0.00059115  0.00074799]]
Iteration 187
Error: 3.2922488571712066e-08
[[ 0.00656351  0.00036882 -0.000265  ]
 [ 0.00036882  0.00166914  0.00059115]
 [-0.000265    0.00059115  0.00074799]]
Iteration 188
Error: 3.1552075474799816e-08
[[ 0.00656352  0.00036883 -0.00026501]
 [ 0.00036883  0.00166913  0.00059115]
 [-0.00026501  0.00059115  0.00074799]]
Iteration 189
Error: 3.02387120721748e-08
[[ 0.00656354  0.00036883 -0.00026501]
 [ 0.00036883  0.00166913  0.00059115]
 [-0.00026501  0.00059115  0.00074799]]
Iteration 190
Error: 2.8980022976840547e-08
[[ 0.00656355  0.00036883 -0.00026502]
 [ 0.00036883  0.00166913  0.00059116]
 [-0.00026502  0.00059116  0.00074799]]
Iteration 191
Error: 2.7773731663908313e-08
[[ 0.00656356  0.00036883 -0.00026502]
 [ 0.00036883  0.00166913  0.00059116]
 [-0.00026502  0.00059116  0.000748  ]]
Iteration 192
Error: 2.6617656488105677e-08
[[ 0.00656357  0.00036883 -0.00026502]
 [ 0.00036883  0.00166912  0.00059116]
 [-0.00026502  0.00059116  0.000748  ]]
Iteration 193
Error: 2.55097066352572e-08
[[ 0.00656358  0.00036883 -0.00026503]
 [ 0.00036883  0.00166912  0.00059116]
 [-0.00026503  0.00059116  0.000748  ]]
Iteration 194
Error: 2.4447878440225432e-08
[[ 0.00656359  0.00036883 -0.00026503]
 [ 0.00036883  0.00166912  0.00059116]
 [-0.00026503  0.00059116  0.000748  ]]
Iteration 195
Error: 2.3430251598383252e-08
[[ 0.0065636   0.00036883 -0.00026504]
 [ 0.00036883  0.00166912  0.00059116]
 [-0.00026504  0.00059116  0.000748  ]]
Iteration 196
Error: 2.245498580751449e-08
[[ 0.00656361  0.00036883 -0.00026504]
 [ 0.00036883  0.00166911  0.00059116]
 [-0.00026504  0.00059116  0.000748  ]]
Iteration 197
Error: 2.152031755011871e-08
[[ 0.00656362  0.00036883 -0.00026504]
 [ 0.00036883  0.00166911  0.00059116]
 [-0.00026504  0.00059116  0.000748  ]]
Iteration 198
Error: 2.0624556509689362e-08
[[ 0.00656363  0.00036883 -0.00026504]
 [ 0.00036883  0.00166911  0.00059116]
 [-0.00026504  0.00059116  0.000748  ]]
Iteration 199
Error: 1.976608292460994e-08
[[ 0.00656364  0.00036883 -0.00026505]
 [ 0.00036883  0.00166911  0.00059117]
 [-0.00026505  0.00059117  0.000748  ]]
Iteration 200
Error: 1.8943344484408445e-08
[[ 0.00656365  0.00036884 -0.00026505]
 [ 0.00036884  0.00166911  0.00059117]
 [-0.00026505  0.00059117  0.000748  ]]
Iteration 201
Error: 1.815485343819017e-08
[[ 0.00656365  0.00036884 -0.00026505]
 [ 0.00036884  0.0016691   0.00059117]
 [-0.00026505  0.00059117  0.000748  ]]
Iteration 202
Error: 1.7399184054352028e-08
[[ 0.00656366  0.00036884 -0.00026506]
 [ 0.00036884  0.0016691   0.00059117]
 [-0.00026506  0.00059117  0.000748  ]]
Iteration 203
Error: 1.667496993642322e-08
[[ 0.00656367  0.00036884 -0.00026506]
 [ 0.00036884  0.0016691   0.00059117]
 [-0.00026506  0.00059117  0.000748  ]]
Iteration 204
Error: 1.5980901586320866e-08
[[ 0.00656367  0.00036884 -0.00026506]
 [ 0.00036884  0.0016691   0.00059117]
 [-0.00026506  0.00059117  0.000748  ]]
Iteration 205
Error: 1.531572407570056e-08
[[ 0.00656368  0.00036884 -0.00026506]
 [ 0.00036884  0.0016691   0.00059117]
 [-0.00026506  0.00059117  0.000748  ]]
Iteration 206
Error: 1.4678234685214578e-08
[[ 0.00656369  0.00036884 -0.00026506]
 [ 0.00036884  0.0016691   0.00059117]
 [-0.00026506  0.00059117  0.00074801]]
Iteration 207
Error: 1.4067280816772165e-08
[[ 0.00656369  0.00036884 -0.00026507]
 [ 0.00036884  0.0016691   0.00059117]
 [-0.00026507  0.00059117  0.00074801]]
Iteration 208
Error: 1.3481757759215701e-08
[[ 0.0065637   0.00036884 -0.00026507]
 [ 0.00036884  0.00166909  0.00059117]
 [-0.00026507  0.00059117  0.00074801]]
Iteration 209
Error: 1.2920606919661695e-08
[[ 0.0065637   0.00036884 -0.00026507]
 [ 0.00036884  0.00166909  0.00059117]
 [-0.00026507  0.00059117  0.00074801]]
Iteration 210
Error: 1.2382813728171668e-08
[[ 0.00656371  0.00036884 -0.00026507]
 [ 0.00036884  0.00166909  0.00059117]
 [-0.00026507  0.00059117  0.00074801]]
Iteration 211
Error: 1.1867405862587936e-08
[[ 0.00656371  0.00036884 -0.00026507]
 [ 0.00036884  0.00166909  0.00059117]
 [-0.00026507  0.00059117  0.00074801]]
Iteration 212
Error: 1.1373451464695775e-08
[[ 0.00656372  0.00036884 -0.00026508]
 [ 0.00036884  0.00166909  0.00059117]
 [-0.00026508  0.00059117  0.00074801]]
Iteration 213
Error: 1.090005747868359e-08
[[ 0.00656372  0.00036884 -0.00026508]
 [ 0.00036884  0.00166909  0.00059118]
 [-0.00026508  0.00059118  0.00074801]]
Iteration 214
Error: 1.044636804890895e-08
[[ 0.00656373  0.00036884 -0.00026508]
 [ 0.00036884  0.00166909  0.00059118]
 [-0.00026508  0.00059118  0.00074801]]
Iteration 215
Error: 1.0011562944769667e-08
[[ 0.00656373  0.00036884 -0.00026508]
 [ 0.00036884  0.00166909  0.00059118]
 [-0.00026508  0.00059118  0.00074801]]
Convergence reached in 216 iterations
[[ 0.00656374  0.00036884 -0.00026508]
 [ 0.00036884  0.00166909  0.00059118]
 [-0.00026508  0.00059118  0.00074801]]

Abamson correction active
Local covariance matrices saved in nb_100.cov.npy
Local coefficients
[0.91469967 0.53832582 0.69277497 0.64233637 1.64580377 0.53355007
 0.87892606 0.82269639 0.66305119 0.54606859 1.06181694 0.90678764
 0.9621071  1.27709399 0.75268626 0.78151158 1.13109677 0.66215892
 0.55496719 0.98315161 0.50867828 1.28591468 1.48539728 0.58677369
 1.39070571 1.61500426 1.76077506 0.71574688 1.02218962 1.01702181
 1.13010797 0.64110487 1.64962898 1.19184509 0.70035639 1.20869211
 0.88356678 0.84661895 0.76483735 1.45389035 0.56871856 0.58842211
 1.07587342 2.28972946 1.61889438 1.02628402 0.70526456 0.9791372
 0.74354772 1.03229389 0.54143784 0.98625558 0.94342763 1.97005172
 1.54888619 0.99934828 1.4871372  0.76266981 0.5408399  0.77618083
 0.52383676 1.02037357 0.75264313 0.95247138 0.94550364 0.65752266
 0.85704319 0.94942479 0.67290989 1.24895923 1.39854058 0.61609238
 0.88175972 1.01031885 1.67473787 0.93191717 2.00582529 0.67723827
 1.49523286 1.51062261 0.87234042 1.08515132 1.15805732 0.83147603
 0.7523102  0.95592821 0.8862709  1.13693834 0.70380555 1.13026004
 0.79038448 2.290092   1.1800323  1.37752905 0.95625331 0.97661207
 1.09785961 0.63176203 0.81109096 0.75102895 2.12248024 1.62917122
 1.15193852 1.26614193 0.93731978 1.058453   0.57611798 1.10951327
 1.1639707  0.83919276 1.27884845 1.28769532 0.9124222  0.93420228
 0.98283988 0.52108954 1.27808312 1.2521842  1.95025608 0.86661895
 0.75207378 1.19347238 1.24922033 1.98069464 0.84679434 0.79184514
 1.66699351 1.0746818  1.16565621 1.38191374 1.54444546 2.02708492
 1.71307121 0.5684774  0.88818341 0.55532097 1.24609151 1.19443745
 2.32144337 0.50951066 1.27205302 1.68859346 1.22917733 0.79583097
 1.11917199 0.87994069 0.97802491 1.18311644 0.91196682 0.80951665
 0.86117229 0.93278789 0.78842603 0.59323011 1.58103274 1.01585764
 0.57773164 1.75353841 0.69010036 0.6024104  0.8501253  0.61617597
 0.55333828 1.20895833 1.37833519 1.08334669 0.69149259 0.85010206
 1.77691655 0.57874313 1.00517701 0.53289654 1.20876448 0.61611387
 0.86330741 1.1498791  0.56378474 0.92703731 1.48426821 1.24995321
 0.91594938 0.91364703 1.15431819 0.70739153 0.77652277 1.51703454
 1.57510594 0.91716373 1.30642947 1.98301644 1.09988207 0.69428529
 0.76621481 1.08116194 1.33385908 1.28441599 0.67684348 1.47484412
 2.1201748  1.36337529 1.44625878 1.30770726 1.44060513 1.17953173
 2.25478335 1.4611764  0.78749944 0.71446307 0.94582075 0.75793308
 1.09025523 0.63912561 0.53977557 0.59752499 1.46552632 1.37720273
 1.27237962 1.67094576 1.30949823 0.64070769 1.17410528 0.77266409
 1.20213672 1.33834442 2.12295152 0.62407916 1.00707879 0.93277453
 0.67001118 1.33368428 0.93697133 1.08379803 0.53610384 0.94688932
 0.56767923 1.59118224 1.14916548 0.68378245 0.55716294 1.80615798
 0.74989559 1.31031014 1.99222849 0.76763364 0.75383824 1.59647289
 1.32826886 0.81734606 0.53009769 0.57908094 1.6193822  0.75808317
 1.70544161 0.68005596 1.25265528 1.73333557 0.52384248 0.67649988
 0.67740908 1.33292072 1.26059148 0.67478958 0.85609955 1.10718628
 1.05677221 1.48333192 0.53515716 0.79245563 1.26983313 1.90171261
 0.64719568 0.75599209 1.42114801 0.98025557 0.82152812 0.86728143
 1.76736412 0.59887807 0.59539836 0.67922953 1.01490807 0.88523057
 1.20403049 0.62063205 1.38897351 1.15018957 0.76391863 1.14683287
 1.45163745 0.5910313  0.88923514 1.33226057 0.60093118 1.47014395
 1.48045683 1.34625178 1.05548433 0.62766141 0.78449363 0.62529484
 0.86743655 1.68834801 1.27621414 0.77490939 2.22491724 1.45916446
 1.35643811 0.53127904 1.59583103 1.73436072 1.39341883 0.73630171
 0.9785393  0.80653406 0.84310604 0.59516688 1.40997483 1.22594221
 0.53216536 2.10908002 1.77812976 0.71068021 0.87271593 2.01720121
 1.53291402 1.03213282 1.26840309 1.0556856  0.84523167 0.52626397
 1.92025093 1.53625403 1.02117077 0.60152147 0.51247868 1.08374464
 0.75806954 2.13496995 0.98169851 1.52084692 0.78445642 0.52554215
 0.66630887 1.2403786  1.53458617 0.71245274 1.03636326 0.95076947
 0.56009377 1.10067584 0.9278077  1.10323676 1.26485966 0.94256294
 0.89180025 0.84717169 2.36373753 1.06030404 1.82660068 1.39656728
 1.24946332 0.86820464 0.83590903 0.71595428 2.12778354 1.33129444
 1.20674203 0.94661439 1.08225154 1.02758107 1.2990103  1.31971591
 0.70584477 0.59957022 1.13674699 1.70659385 0.7724235  0.5837329
 1.54034738 0.74361502 1.21887262 1.09688499 1.48224687 1.10841773
 1.34748174 0.76016491 0.79056394 0.63022788 0.74616413 0.70985329
 1.2845324  0.99534776 0.68942719 0.73132971 1.12149896 0.56653456
 1.14699915 1.35722883 1.21677016 1.18971035 0.56204836 0.6677065
 1.00392951 0.83414822 0.80294357 1.10918957 1.05227226 0.56253436
