DONKEY Clustering
Number of datapoints: 639
Number of features:   3
Periodic features:    []

1. Covariance Optimisation
Convergence threshold: 1e-08

Initial guess
[[1. 0. 0.]
 [0. 1. 0.]
 [0. 0. 1.]]
Iteration 1
Error: 2.9744225771238764
[[ 1.94405688e-02 -2.86044330e-06  6.50174967e-07]
 [-2.86044330e-06  4.54663075e-03  1.06274185e-06]
 [ 6.50174967e-07  1.06274185e-06  1.59937010e-03]]
Iteration 2
Error: 0.011312912382443004
[[ 1.08715246e-02 -1.41323356e-05 -1.28739723e-06]
 [-1.41323356e-05  2.54532517e-03  5.76348309e-06]
 [-1.28739723e-06  5.76348309e-06  8.92627854e-04]]
Iteration 3
Error: 0.003929239938145419
[[ 7.91267608e-03 -6.42028671e-06 -3.01448059e-06]
 [-6.42028671e-06  1.84438549e-03  3.11939558e-06]
 [-3.01448059e-06  3.11939558e-06  6.47342555e-04]]
Iteration 4
Error: 0.0020293635823754245
[[ 6.39540527e-03  6.36300846e-07 -4.94037147e-06]
 [ 6.36300846e-07  1.48213096e-03  4.77268038e-07]
 [-4.94037147e-06  4.77268038e-07  5.20753523e-04]]
Iteration 5
Error: 0.0012461713658137002
[[ 5.46852415e-03  5.80133515e-06 -7.17275603e-06]
 [ 5.80133515e-06  1.25975816e-03 -1.58540083e-06]
 [-7.17275603e-06 -1.58540083e-06  4.42756258e-04]]
Iteration 6
Error: 0.0008443250721386758
[[ 4.84354848e-03  9.46869135e-06 -9.71736344e-06]
 [ 9.46869135e-06  1.10917320e-03 -3.14589325e-06]
 [-9.71736344e-06 -3.14589325e-06  3.89536726e-04]]
Iteration 7
Error: 0.0006093394051754989
[[ 4.39494977e-03  1.21051990e-05 -1.25404747e-05]
 [ 1.21051990e-05  1.00052995e-03 -4.33662197e-06]
 [-1.25404747e-05 -4.33662197e-06  3.50739977e-04]]
Iteration 8
Error: 0.00045936395847815303
[[ 4.05898901e-03  1.40592725e-05 -1.55952767e-05]
 [ 1.40592725e-05  9.18611752e-04 -5.26389486e-06]
 [-1.55952767e-05 -5.26389486e-06  3.21127268e-04]]
Iteration 9
Error: 0.00035745473390900773
[[ 3.79966783e-03  1.55652452e-05 -1.88323558e-05]
 [ 1.55652452e-05  8.54814357e-04 -6.00336888e-06]
 [-1.88323558e-05 -6.00336888e-06  2.97756161e-04]]
Iteration 10
Error: 0.00028487109771297743
[[ 3.59500667e-03  1.67748425e-05 -2.22043501e-05]
 [ 1.67748425e-05  8.03890132e-04 -6.60711288e-06]
 [-2.22043501e-05 -6.60711288e-06  2.78841129e-04]]
Iteration 11
Error: 0.00023124884213077303
[[ 3.43076353e-03  1.77848087e-05 -2.56681895e-05]
 [ 1.77848087e-05  7.62448324e-04 -7.11069272e-06]
 [-2.56681895e-05 -7.11069272e-06  2.63232004e-04]]
Iteration 12
Error: 0.000190462446726454
[[ 3.29726830e-03  1.86564378e-05 -2.91860625e-05]
 [ 1.86564378e-05  7.28195890e-04 -7.53847810e-06]
 [-2.91860625e-05 -7.53847810e-06  2.50151790e-04]]
Iteration 13
Error: 0.00015869573957091372
[[ 3.18770235e-03  1.94284229e-05 -3.27256297e-05]
 [ 1.94284229e-05  6.99523861e-04 -7.90731302e-06]
 [-3.27256297e-05 -7.90731302e-06  2.39054810e-04]]
Iteration 14
Error: 0.00013346708658205263
[[ 3.09710537e-03  2.01250913e-05 -3.62597971e-05]
 [ 2.01250913e-05  6.75268309e-04 -8.22898468e-06]
 [-3.62597971e-05 -8.22898468e-06  2.29545262e-04]]
Iteration 15
Error: 0.00011310395186204164
[[ 3.02177328e-03  2.07616458e-05 -3.97662532e-05]
 [ 2.07616458e-05  6.54565378e-04 -8.51186966e-06]
 [-3.97662532e-05 -8.51186966e-06  2.21328123e-04]]
Iteration 16
Error: 9.644425925446666e-05
[[ 2.95887780e-03  2.13475070e-05 -4.32269030e-05]
 [ 2.13475070e-05  6.36759764e-04 -8.76203075e-06]
 [-4.32269030e-05 -8.76203075e-06  2.14178303e-04]]
Iteration 17
Error: 8.265900801316284e-05
[[ 2.90621783e-03  2.18884561e-05 -4.66272816e-05]
 [ 2.18884561e-05  6.21344930e-04 -8.98395029e-06]
 [-4.66272816e-05 -8.98395029e-06  2.07920596e-04]]
Iteration 18
Error: 7.114291832078152e-05
[[ 2.86205200e-03  2.23880162e-05 -4.99559941e-05]
 [ 2.23880162e-05  6.07922898e-04 -9.18102285e-06]
 [-4.99559941e-05 -9.18102285e-06  2.02416227e-04]]
Iteration 19
Error: 6.144483705248382e-05
[[ 2.82498300e-03  2.28483470e-05 -5.32042095e-05]
 [ 2.28483470e-05  5.96176505e-04 -9.35588826e-06]
 [-5.32042095e-05 -9.35588826e-06  1.97553609e-04]]
Iteration 20
Error: 5.322220878622771e-05
[[ 2.79387578e-03  2.32708246e-05 -5.63652184e-05]
 [ 2.32708246e-05  5.85849822e-04 -9.51065804e-06]
 [-5.63652184e-05 -9.51065804e-06  1.93241819e-04]]
Iteration 21
Error: 4.621055998752336e-05
[[ 2.76779857e-03  2.36564154e-05 -5.94340565e-05]
 [ 2.36564154e-05  5.76734054e-04 -9.64707010e-06]
 [-5.94340565e-05 -9.64707010e-06  1.89405915e-04]]
Iteration 22
Error: 4.020260018832168e-05
[[ 2.74597955e-03  2.40059141e-05 -6.24071897e-05]
 [ 2.40059141e-05  5.68657208e-04 -9.76659509e-06]
 [-6.24071897e-05 -9.76659509e-06  1.85983495e-04]]
Iteration 23
Error: 3.50336290405085e-05
[[ 2.72777442e-03  2.43200916e-05 -6.52822552e-05]
 [ 2.43200916e-05  5.61476388e-04 -9.87050966e-06]
 [-6.52822552e-05 -9.87050966e-06  1.82922135e-04]]
Iteration 24
Error: 3.057116510862381e-05
[[ 2.71264180e-03  2.45997817e-05 -6.80578493e-05]
 [ 2.45997817e-05  5.55071970e-04 -9.95994715e-06]
 [-6.80578493e-05 -9.95994715e-06  1.80177446e-04]]
Iteration 25
Error: 2.670745454114134e-05
[[ 2.70012433e-03  2.48459282e-05 -7.07333554e-05]
 [ 2.48459282e-05  5.49343133e-04 -1.00359327e-05]
 [-7.07333554e-05 -1.00359327e-05  1.77711580e-04]]
Iteration 26
Error: 2.335397797551558e-05
[[ 2.68983380e-03  2.50596047e-05 -7.33088049e-05]
 [ 2.50596047e-05  5.44204395e-04 -1.00994077e-05]
 [-7.33088049e-05 -1.00994077e-05  1.75492065e-04]]
Iteration 27
Error: 2.043736571190844e-05
[[ 2.68143954e-03  2.52420163e-05 -7.57847637e-05]
 [ 2.52420163e-05  5.39582884e-04 -1.01512464e-05]
 [-7.57847637e-05 -1.01512464e-05  1.73490893e-04]]
Iteration 28
Error: 1.7896319749796552e-05
[[ 2.67465898e-03  2.53944905e-05 -7.81622403e-05]
 [ 2.53944905e-05  5.35416182e-04 -1.01922680e-05]
 [-7.81622403e-05 -1.01922680e-05  1.71683783e-04]]
Iteration 29
Error: 1.5679265387470267e-05
[[ 2.66925013e-03  2.55184613e-05 -8.04426100e-05]
 [ 2.55184613e-05  5.31650588e-04 -1.02232442e-05]
 [-8.04426100e-05 -1.02232442e-05  1.70049595e-04]]
Iteration 30
Error: 1.3742538116027119e-05
[[ 2.66500539e-03  2.56154496e-05 -8.26275525e-05]
 [ 2.56154496e-05  5.28239722e-04 -1.02449054e-05]
 [-8.26275525e-05 -1.02449054e-05  1.68569848e-04]]
Iteration 31
Error: 1.2048967934138992e-05
[[ 2.66174643e-03  2.56870415e-05 -8.47189990e-05]
 [ 2.56870415e-05  5.25143379e-04 -1.02579441e-05]
 [-8.47189990e-05 -1.02579441e-05  1.67228333e-04]]
Iteration 32
Error: 1.0566762046486091e-05
[[ 2.65931998e-03  2.57348673e-05 -8.67190882e-05]
 [ 2.57348673e-05  5.22326598e-04 -1.02630180e-05]
 [-8.67190882e-05 -1.02630180e-05  1.66010781e-04]]
Iteration 33
Error: 9.277679794187216e-06
[[ 2.65759424e-03  2.57605808e-05 -8.86301282e-05]
 [ 2.57605808e-05  5.19758880e-04 -1.02607516e-05]
 [-8.86301282e-05 -1.02607516e-05  1.64904598e-04]]
Iteration 34
Error: 8.167041742029482e-06
[[ 2.65645590e-03  2.57658406e-05 -9.04545630e-05]
 [ 2.57658406e-05  5.17413549e-04 -1.02517377e-05]
 [-9.04545630e-05 -1.02517377e-05  1.63898639e-04]]
Iteration 35
Error: 7.2485147939322605e-06
[[ 2.65580761e-03  2.57522927e-05 -9.21949439e-05]
 [ 2.57522927e-05  5.15267212e-04 -1.02365390e-05]
 [-9.21949439e-05 -1.02365390e-05  1.62983012e-04]]
Iteration 36
Error: 6.464946839539649e-06
[[ 2.65556576e-03  2.57215560e-05 -9.38539041e-05]
 [ 2.57215560e-05  5.13299301e-04 -1.02156883e-05]
 [-9.38539041e-05 -1.02156883e-05  1.62148922e-04]]
Iteration 37
Error: 5.966057522417612e-06
[[ 2.65565866e-03  2.56752092e-05 -9.54341360e-05]
 [ 2.56752092e-05  5.11491696e-04 -1.01896898e-05]
 [-9.54341360e-05 -1.01896898e-05  1.61388530e-04]]
Iteration 38
Error: 5.913943534357151e-06
[[ 2.65602494e-03  2.56147805e-05 -9.69383708e-05]
 [ 2.56147805e-05  5.09828394e-04 -1.01590198e-05]
 [-9.69383708e-05 -1.01590198e-05  1.60694837e-04]]
Iteration 39
Error: 5.831460457156208e-06
[[ 2.65661214e-03  2.55417386e-05 -9.83693611e-05]
 [ 2.55417386e-05  5.08295236e-04 -1.01241274e-05]
 [-9.83693611e-05 -1.01241274e-05  1.60061579e-04]]
Iteration 40
Error: 5.724273337606003e-06
[[ 2.65737552e-03  2.54574863e-05 -9.97298645e-05]
 [ 2.54574863e-05  5.06879669e-04 -1.00854353e-05]
 [-9.97298645e-05 -1.00854353e-05  1.59483144e-04]]
Iteration 41
Error: 5.5972684303739886e-06
[[ 2.65827703e-03  2.53633553e-05 -1.01022630e-04]
 [ 2.53633553e-05  5.05570543e-04 -1.00433408e-05]
 [-1.01022630e-04 -1.00433408e-05  1.58954494e-04]]
Iteration 42
Error: 5.454651470309772e-06
[[ 2.65928441e-03  2.52606030e-05 -1.02250384e-04]
 [ 2.52606030e-05  5.04357933e-04 -9.99821620e-06]
 [-1.02250384e-04 -9.99821620e-06  1.58471101e-04]]
Iteration 43
Error: 5.300033091352378e-06
[[ 2.66037042e-03  2.51504103e-05 -1.03415822e-04]
 [ 2.51504103e-05  5.03232994e-04 -9.95041031e-06]
 [-1.03415822e-04 -9.95041031e-06  1.58028886e-04]]
Iteration 44
Error: 5.136503388103424e-06
[[ 2.66151211e-03  2.50338805e-05 -1.04521598e-04]
 [ 2.50338805e-05  5.02187825e-04 -9.90024886e-06]
 [-1.04521598e-04 -9.90024886e-06  1.57624172e-04]]
Iteration 45
Error: 4.966697221546786e-06
[[ 2.66269027e-03  2.49120398e-05 -1.05570313e-04]
 [ 2.49120398e-05  5.01215358e-04 -9.84803559e-06]
 [-1.05570313e-04 -9.84803559e-06  1.57253642e-04]]
Iteration 46
Error: 4.792851568413161e-06
[[ 2.66388890e-03  2.47858379e-05 -1.06564515e-04]
 [ 2.47858379e-05  5.00309260e-04 -9.79405325e-06]
 [-1.06564515e-04 -9.79405325e-06  1.56914294e-04]]
Iteration 47
Error: 4.616855980473051e-06
[[ 2.66509477e-03  2.46561499e-05 -1.07506686e-04]
 [ 2.46561499e-05  4.99463848e-04 -9.73856447e-06]
 [-1.07506686e-04 -9.73856447e-06  1.56603413e-04]]
Iteration 48
Error: 4.4402970394316645e-06
[[ 2.66629700e-03  2.45237785e-05 -1.08399242e-04]
 [ 2.45237785e-05  4.98674013e-04 -9.68181277e-06]
 [-1.08399242e-04 -9.68181277e-06  1.56318540e-04]]
Iteration 49
Error: 4.264497551344992e-06
[[ 2.66748675e-03  2.43894566e-05 -1.09244526e-04]
 [ 2.43894566e-05  4.97935154e-04 -9.62402348e-06]
 [-1.09244526e-04 -9.62402348e-06  1.56057443e-04]]
Iteration 50
Error: 4.090551112215237e-06
[[ 2.66865691e-03  2.42538502e-05 -1.10044809e-04]
 [ 2.42538502e-05  4.97243122e-04 -9.56540468e-06]
 [-1.10044809e-04 -9.56540468e-06  1.55818097e-04]]
Iteration 51
Error: 3.91935258716617e-06
[[ 2.66980184e-03  2.41175618e-05 -1.10802282e-04]
 [ 2.41175618e-05  4.96594171e-04 -9.50614816e-06]
 [-1.10802282e-04 -9.50614816e-06  1.55598661e-04]]
Iteration 52
Error: 3.7516249726271527e-06
[[ 2.67091715e-03  2.39811340e-05 -1.11519061e-04]
 [ 2.39811340e-05  4.95984910e-04 -9.44643029e-06]
 [-1.11519061e-04 -9.44643029e-06  1.55397459e-04]]
Iteration 53
Error: 3.5879430514453636e-06
[[ 2.67199952e-03  2.38450524e-05 -1.12197182e-04]
 [ 2.38450524e-05  4.95412271e-04 -9.38641293e-06]
 [-1.12197182e-04 -9.38641293e-06  1.55212966e-04]]
Iteration 54
Error: 3.4287542013884267e-06
[[ 2.67304652e-03  2.37097500e-05 -1.12838600e-04]
 [ 2.37097500e-05  4.94873468e-04 -9.32624428e-06]
 [-1.12838600e-04 -9.32624428e-06  1.55043792e-04]]
Iteration 55
Error: 3.2743966752544752e-06
[[ 2.67405646e-03  2.35756099e-05 -1.13445193e-04]
 [ 2.35756099e-05  4.94365969e-04 -9.26605969e-06]
 [-1.13445193e-04 -9.26605969e-06  1.54888669e-04]]
Iteration 56
Error: 3.1251156354136096e-06
[[ 2.67502828e-03  2.34429693e-05 -1.14018761e-04]
 [ 2.34429693e-05  4.93887472e-04 -9.20598248e-06]
 [-1.14018761e-04 -9.20598248e-06  1.54746439e-04]]
Iteration 57
Error: 2.9810771944065176e-06
[[ 2.67596143e-03  2.33121228e-05 -1.14561024e-04]
 [ 2.33121228e-05  4.93435878e-04 -9.14612472e-06]
 [-1.14561024e-04 -9.14612472e-06  1.54616046e-04]]
Iteration 58
Error: 2.842380686134357e-06
[[ 2.67685581e-03  2.31833255e-05 -1.15073629e-04]
 [ 2.31833255e-05  4.93009274e-04 -9.08658791e-06]
 [-1.15073629e-04 -9.08658791e-06  1.54496522e-04]]
Iteration 59
Error: 2.709069368523347e-06
[[ 2.67771163e-03  2.30567965e-05 -1.15558145e-04]
 [ 2.30567965e-05  4.92605909e-04 -9.02746376e-06]
 [-1.15558145e-04 -9.02746376e-06  1.54386982e-04]]
Iteration 60
Error: 2.581139737135716e-06
[[ 2.67852942e-03  2.29327215e-05 -1.16016073e-04]
 [ 2.29327215e-05  4.92224183e-04 -8.96883478e-06]
 [-1.16016073e-04 -8.96883478e-06  1.54286617e-04]]
Iteration 61
Error: 2.458549610356632e-06
[[ 2.67930990e-03  2.28112560e-05 -1.16448838e-04]
 [ 2.28112560e-05  4.91862629e-04 -8.91077494e-06]
 [-1.16448838e-04 -8.91077494e-06  1.54194685e-04]]
Iteration 62
Error: 2.3412251298070866e-06
[[ 2.68005399e-03  2.26925282e-05 -1.16857800e-04]
 [ 2.26925282e-05  4.91519903e-04 -8.85335032e-06]
 [-1.16857800e-04 -8.85335032e-06  1.54110505e-04]]
Iteration 63
Error: 2.2290668043451217e-06
[[ 2.68076273e-03  2.25766408e-05 -1.17244250e-04]
 [ 2.25766408e-05  4.91194768e-04 -8.79661959e-06]
 [-1.17244250e-04 -8.79661959e-06  1.54033454e-04]]
Iteration 64
Error: 2.121954712269614e-06
[[ 2.68143728e-03  2.24636744e-05 -1.17609418e-04]
 [ 2.24636744e-05  4.90886087e-04 -8.74063461e-06]
 [-1.17609418e-04 -8.74063461e-06  1.53962960e-04]]
Iteration 65
Error: 2.019752963923449e-06
[[ 2.68207883e-03  2.23536888e-05 -1.17954469e-04]
 [ 2.23536888e-05  4.90592814e-04 -8.68544093e-06]
 [-1.17954469e-04 -8.68544093e-06  1.53898496e-04]]
Iteration 66
Error: 1.9223135157282876e-06
[[ 2.68268866e-03  2.22467258e-05 -1.18280510e-04]
 [ 2.22467258e-05  4.90313983e-04 -8.63107823e-06]
 [-1.18280510e-04 -8.63107823e-06  1.53839581e-04]]
Iteration 67
Error: 1.8294794165744043e-06
[[ 2.68326807e-03  2.21428107e-05 -1.18588591e-04]
 [ 2.21428107e-05  4.90048703e-04 -8.57758081e-06]
 [-1.18588591e-04 -8.57758081e-06  1.53785770e-04]]
Iteration 68
Error: 1.7410875584660546e-06
[[ 2.68381834e-03  2.20419545e-05 -1.18879707e-04]
 [ 2.20419545e-05  4.89796150e-04 -8.52497798e-06]
 [-1.18879707e-04 -8.52497798e-06  1.53736656e-04]]
Iteration 69
Error: 1.6569709950347185e-06
[[ 2.68434077e-03  2.19441551e-05 -1.19154800e-04]
 [ 2.19441551e-05  4.89555563e-04 -8.47329448e-06]
 [-1.19154800e-04 -8.47329448e-06  1.53691863e-04]]
Iteration 70
Error: 1.5769608843931168e-06
[[ 2.68483666e-03  2.18493990e-05 -1.19414764e-04]
 [ 2.18493990e-05  4.89326234e-04 -8.42255082e-06]
 [-1.19414764e-04 -8.42255082e-06  1.53651045e-04]]
Iteration 71
Error: 1.5008881059628205e-06
[[ 2.68530727e-03  2.17576629e-05 -1.19660442e-04]
 [ 2.17576629e-05  4.89107510e-04 -8.37276365e-06]
 [-1.19660442e-04 -8.37276365e-06  1.53613887e-04]]
Iteration 72
Error: 1.4285845953466833e-06
[[ 2.68575382e-03  2.16689147e-05 -1.19892633e-04]
 [ 2.16689147e-05  4.88898783e-04 -8.32394608e-06]
 [-1.19892633e-04 -8.32394608e-06  1.53580094e-04]]
Iteration 73
Error: 1.3598844357003953e-06
[[ 2.68617751e-03  2.15831148e-05 -1.20112095e-04]
 [ 2.15831148e-05  4.88699486e-04 -8.27610795e-06]
 [-1.20112095e-04 -8.27610795e-06  1.53549397e-04]]
Iteration 74
Error: 1.2946247396696697e-06
[[ 2.68657950e-03  2.15002171e-05 -1.20319540e-04]
 [ 2.15002171e-05  4.88509095e-04 -8.22925617e-06]
 [-1.20319540e-04 -8.22925617e-06  1.53521548e-04]]
Iteration 75
Error: 1.2326463515716718e-06
[[ 2.68696092e-03  2.14201701e-05 -1.20515645e-04]
 [ 2.14201701e-05  4.88327120e-04 -8.18339492e-06]
 [-1.20515645e-04 -8.18339492e-06  1.53496319e-04]]
Iteration 76
Error: 1.1737943958934442e-06
[[ 2.68732283e-03  2.13429174e-05 -1.20701047e-04]
 [ 2.13429174e-05  4.88153104e-04 -8.13852592e-06]
 [-1.20701047e-04 -8.13852592e-06  1.53473499e-04]]
Iteration 77
Error: 1.1179186948830591e-06
[[ 2.68766626e-03  2.12683992e-05 -1.20876349e-04]
 [ 2.12683992e-05  4.87986622e-04 -8.09464866e-06]
 [-1.20876349e-04 -8.09464866e-06  1.53452892e-04]]
Iteration 78
Error: 1.0648740750295884e-06
[[ 2.68799221e-03  2.11965521e-05 -1.21042120e-04]
 [ 2.11965521e-05  4.87827274e-04 -8.05176063e-06]
 [-1.21042120e-04 -8.05176063e-06  1.53434321e-04]]
Iteration 79
Error: 1.0145205796487184e-06
[[ 2.68830160e-03  2.11273104e-05 -1.21198896e-04]
 [ 2.11273104e-05  4.87674690e-04 -8.00985745e-06]
 [-1.21198896e-04 -8.00985745e-06  1.53417620e-04]]
Iteration 80
Error: 9.667236027029919e-07
[[ 2.68859534e-03  2.10606066e-05 -1.21347184e-04]
 [ 2.10606066e-05  4.87528521e-04 -7.96893312e-06]
 [-1.21347184e-04 -7.96893312e-06  1.53402637e-04]]
Iteration 81
Error: 9.21353956620619e-07
[[ 2.68887427e-03  2.09963715e-05 -1.21487464e-04]
 [ 2.09963715e-05  4.87388440e-04 -7.92898016e-06]
 [-1.21487464e-04 -7.92898016e-06  1.53389230e-04]]
Iteration 82
Error: 8.782878855417543e-07
[[ 2.68913921e-03  2.09345352e-05 -1.21620185e-04]
 [ 2.09345352e-05  4.87254143e-04 -7.88998975e-06]
 [-1.21620185e-04 -7.88998975e-06  1.53377271e-04]]
Iteration 83
Error: 8.3740703348952e-07
[[ 2.68939091e-03  2.08750271e-05 -1.21745775e-04]
 [ 2.08750271e-05  4.87125342e-04 -7.85195189e-06]
 [-1.21745775e-04 -7.85195189e-06  1.53366640e-04]]
Iteration 84
Error: 7.985983759205173e-07
[[ 2.68963011e-03  2.08177763e-05 -1.21864634e-04]
 [ 2.08177763e-05  4.87001767e-04 -7.81485556e-06]
 [-1.21864634e-04 -7.81485556e-06  1.53357226e-04]]
Iteration 85
Error: 7.617541216464987e-07
[[ 2.68985749e-03  2.07627121e-05 -1.21977141e-04]
 [ 2.07627121e-05  4.86883166e-04 -7.77868877e-06]
 [-1.21977141e-04 -7.77868877e-06  1.53348928e-04]]
Iteration 86
Error: 7.267715913942925e-07
[[ 2.69007370e-03  2.07097644e-05 -1.22083653e-04]
 [ 2.07097644e-05  4.86769300e-04 -7.74343875e-06]
 [-1.22083653e-04 -7.74343875e-06  1.53341653e-04]]
Iteration 87
Error: 6.935530780329316e-07
[[ 2.69027935e-03  2.06588632e-05 -1.22184507e-04]
 [ 2.06588632e-05  4.86659945e-04 -7.70909201e-06]
 [-1.22184507e-04 -7.70909201e-06  1.53335312e-04]]
Iteration 88
Error: 6.62005693007492e-07
[[ 2.69047503e-03  2.06099397e-05 -1.22280021e-04]
 [ 2.06099397e-05  4.86554890e-04 -7.67563443e-06]
 [-1.22280021e-04 -7.67563443e-06  1.53329827e-04]]
Iteration 89
Error: 6.320412026391264e-07
[[ 2.69066127e-03  2.05629261e-05 -1.22370493e-04]
 [ 2.05629261e-05  4.86453935e-04 -7.64305141e-06]
 [-1.22370493e-04 -7.64305141e-06  1.53325124e-04]]
Iteration 90
Error: 6.035758574792745e-07
[[ 2.69083860e-03  2.05177554e-05 -1.22456207e-04]
 [ 2.05177554e-05  4.86356893e-04 -7.61132784e-06]
 [-1.22456207e-04 -7.61132784e-06  1.53321135e-04]]
Iteration 91
Error: 5.765302173054953e-07
[[ 2.69100750e-03  2.04743623e-05 -1.22537427e-04]
 [ 2.04743623e-05  4.86263587e-04 -7.58044830e-06]
 [-1.22537427e-04 -7.58044830e-06  1.53317797e-04]]
Iteration 92
Error: 5.508289740017781e-07
[[ 2.69116843e-03  2.04326826e-05 -1.22614405e-04]
 [ 2.04326826e-05  4.86173847e-04 -7.55039704e-06]
 [-1.22614405e-04 -7.55039704e-06  1.53315053e-04]]
Iteration 93
Error: 5.264007741047799e-07
[[ 2.69132182e-03  2.03926536e-05 -1.22687376e-04]
 [ 2.03926536e-05  4.86087517e-04 -7.52115805e-06]
 [-1.22687376e-04 -7.52115805e-06  1.53312849e-04]]
Iteration 94
Error: 5.031780425013235e-07
[[ 2.69146807e-03  2.03542142e-05 -1.22756564e-04]
 [ 2.03542142e-05  4.86004446e-04 -7.49271518e-06]
 [-1.22756564e-04 -7.49271518e-06  1.53311136e-04]]
Iteration 95
Error: 4.810968084899313e-07
[[ 2.69160757e-03  2.03173048e-05 -1.22822179e-04]
 [ 2.03173048e-05  4.85924492e-04 -7.46505212e-06]
 [-1.22822179e-04 -7.46505212e-06  1.53309870e-04]]
Iteration 96
Error: 4.600965352059856e-07
[[ 2.69174068e-03  2.02818675e-05 -1.22884418e-04]
 [ 2.02818675e-05  4.85847520e-04 -7.43815247e-06]
 [-1.22884418e-04 -7.43815247e-06  1.53309007e-04]]
Iteration 97
Error: 4.401199530993257e-07
[[ 2.69186774e-03  2.02478460e-05 -1.22943468e-04]
 [ 2.02478460e-05  4.85773403e-04 -7.41199981e-06]
 [-1.22943468e-04 -7.41199981e-06  1.53308510e-04]]
Iteration 98
Error: 4.2111289818080095e-07
[[ 2.69198907e-03  2.02151856e-05 -1.22999505e-04]
 [ 2.02151856e-05  4.85702020e-04 -7.38657769e-06]
 [-1.22999505e-04 -7.38657769e-06  1.53308345e-04]]
Iteration 99
Error: 4.032884903639078e-07
[[ 2.69210496e-03  2.01838336e-05 -1.23052694e-04]
 [ 2.01838336e-05  4.85633256e-04 -7.36186972e-06]
 [-1.23052694e-04 -7.36186972e-06  1.53308477e-04]]
Iteration 100
Error: 3.8660602141286457e-07
[[ 2.69221570e-03  2.01537385e-05 -1.23103193e-04]
 [ 2.01537385e-05  4.85567003e-04 -7.33785954e-06]
 [-1.23103193e-04 -7.33785954e-06  1.53308877e-04]]
Iteration 101
Error: 3.706926549240921e-07
[[ 2.69232157e-03  2.01248509e-05 -1.23151147e-04]
 [ 2.01248509e-05  4.85503155e-04 -7.31453093e-06]
 [-1.23151147e-04 -7.31453093e-06  1.53309518e-04]]
Iteration 102
Error: 3.5550957890754587e-07
[[ 2.69242280e-03  2.00971227e-05 -1.23196696e-04]
 [ 2.00971227e-05  4.85441616e-04 -7.29186773e-06]
 [-1.23196696e-04 -7.29186773e-06  1.53310375e-04]]
Iteration 103
Error: 3.410200236339255e-07
[[ 2.69251964e-03  2.00705077e-05 -1.23239972e-04]
 [ 2.00705077e-05  4.85382290e-04 -7.26985396e-06]
 [-1.23239972e-04 -7.26985396e-06  1.53311423e-04]]
Iteration 104
Error: 3.2718915896588255e-07
[[ 2.69261231e-03  2.00449613e-05 -1.23281096e-04]
 [ 2.00449613e-05  4.85325090e-04 -7.24847379e-06]
 [-1.23281096e-04 -7.24847379e-06  1.53312642e-04]]
Iteration 105
Error: 3.139839955551339e-07
[[ 2.69270101e-03  2.00204403e-05 -1.23320186e-04]
 [ 2.00204403e-05  4.85269929e-04 -7.22771156e-06]
 [-1.23320186e-04 -7.22771156e-06  1.53314013e-04]]
Iteration 106
Error: 3.013732900120089e-07
[[ 2.69278596e-03  1.99969033e-05 -1.23357351e-04]
 [ 1.99969033e-05  4.85216727e-04 -7.20755183e-06]
 [-1.23357351e-04 -7.20755183e-06  1.53315517e-04]]
Iteration 107
Error: 2.8932745401476525e-07
[[ 2.69286732e-03  1.99743103e-05 -1.23392696e-04]
 [ 1.99743103e-05  4.85165407e-04 -7.18797934e-06]
 [-1.23392696e-04 -7.18797934e-06  1.53317137e-04]]
Iteration 108
Error: 2.7781846742873195e-07
[[ 2.69294529e-03  1.99526228e-05 -1.23426316e-04]
 [ 1.99526228e-05  4.85115895e-04 -7.16897906e-06]
 [-1.23426316e-04 -7.16897906e-06  1.53318860e-04]]
Iteration 109
Error: 2.6681979529256735e-07
[[ 2.69302002e-03  1.99318038e-05 -1.23458306e-04]
 [ 1.99318038e-05  4.85068121e-04 -7.15053620e-06]
 [-1.23458306e-04 -7.15053620e-06  1.53320670e-04]]
Iteration 110
Error: 2.563063087023648e-07
[[ 2.69309168e-03  1.99118176e-05 -1.23488750e-04]
 [ 1.99118176e-05  4.85022017e-04 -7.13263621e-06]
 [-1.23488750e-04 -7.13263621e-06  1.53322555e-04]]
Iteration 111
Error: 2.4625420947333884e-07
[[ 2.69316040e-03  1.98926300e-05 -1.23517732e-04]
 [ 1.98926300e-05  4.84977520e-04 -7.11526478e-06]
 [-1.23517732e-04 -7.11526478e-06  1.53324504e-04]]
Iteration 112
Error: 2.3664095842934672e-07
[[ 2.69322634e-03  1.98742083e-05 -1.23545329e-04]
 [ 1.98742083e-05  4.84934569e-04 -7.09840787e-06]
 [-1.23545329e-04 -7.09840787e-06  1.53326506e-04]]
Iteration 113
Error: 2.2744520730213572e-07
[[ 2.69328962e-03  1.98565206e-05 -1.23571613e-04]
 [ 1.98565206e-05  4.84893104e-04 -7.08205168e-06]
 [-1.23571613e-04 -7.08205168e-06  1.53328552e-04]]
Iteration 114
Error: 2.1864673409519065e-07
[[ 2.69335036e-03  1.98395369e-05 -1.23596654e-04]
 [ 1.98395369e-05  4.84853070e-04 -7.06618269e-06]
 [-1.23596654e-04 -7.06618269e-06  1.53330632e-04]]
Iteration 115
Error: 2.1022638167678102e-07
[[ 2.69340869e-03  1.98232279e-05 -1.23620516e-04]
 [ 1.98232279e-05  4.84814413e-04 -7.05078765e-06]
 [-1.23620516e-04 -7.05078765e-06  1.53332740e-04]]
Iteration 116
Error: 2.0216599968349583e-07
[[ 2.69346472e-03  1.98075656e-05 -1.23643261e-04]
 [ 1.98075656e-05  4.84777082e-04 -7.03585356e-06]
 [-1.23643261e-04 -7.03585356e-06  1.53334866e-04]]
Iteration 117
Error: 1.9444838938504114e-07
[[ 2.69351855e-03  1.97925235e-05 -1.23664947e-04]
 [ 1.97925235e-05  4.84741028e-04 -7.02136772e-06]
 [-1.23664947e-04 -7.02136772e-06  1.53337006e-04]]
Iteration 118
Error: 1.8705725155351095e-07
[[ 2.69357028e-03  1.97780756e-05 -1.23685628e-04]
 [ 1.97780756e-05  4.84706204e-04 -7.00731768e-06]
 [-1.23685628e-04 -7.00731768e-06  1.53339153e-04]]
Iteration 119
Error: 1.7997713709582012e-07
[[ 2.69362000e-03  1.97641975e-05 -1.23705356e-04]
 [ 1.97641975e-05  4.84672565e-04 -6.99369128e-06]
 [-1.23705356e-04 -6.99369128e-06  1.53341302e-04]]
Iteration 120
Error: 1.7319340038573465e-07
[[ 2.69366781e-03  1.97508655e-05 -1.23724180e-04]
 [ 1.97508655e-05  4.84640068e-04 -6.98047662e-06]
 [-1.23724180e-04 -6.98047662e-06  1.53343447e-04]]
Iteration 121
Error: 1.6669215507389013e-07
[[ 2.69371379e-03  1.97380570e-05 -1.23742146e-04]
 [ 1.97380570e-05  4.84608670e-04 -6.96766208e-06]
 [-1.23742146e-04 -6.96766208e-06  1.53345586e-04]]
Iteration 122
Error: 1.6046023243904782e-07
[[ 2.69375802e-03  1.97257502e-05 -1.23759297e-04]
 [ 1.97257502e-05  4.84578333e-04 -6.95523630e-06]
 [-1.23759297e-04 -6.95523630e-06  1.53347712e-04]]
Iteration 123
Error: 1.544851419069048e-07
[[ 2.69380057e-03  1.97139245e-05 -1.23775674e-04]
 [ 1.97139245e-05  4.84549019e-04 -6.94318820e-06]
 [-1.23775674e-04 -6.94318820e-06  1.53349824e-04]]
Iteration 124
Error: 1.487550338851596e-07
[[ 2.69384153e-03  1.97025599e-05 -1.23791317e-04]
 [ 1.97025599e-05  4.84520690e-04 -6.93150696e-06]
 [-1.23791317e-04 -6.93150696e-06  1.53351918e-04]]
Iteration 125
Error: 1.4325866454553406e-07
[[ 2.69388095e-03  1.96916374e-05 -1.23806263e-04]
 [ 1.96916374e-05  4.84493312e-04 -6.92018203e-06]
 [-1.23806263e-04 -6.92018203e-06  1.53353991e-04]]
Iteration 126
Error: 1.3798536267246564e-07
[[ 2.69391891e-03  1.96811388e-05 -1.23820545e-04]
 [ 1.96811388e-05  4.84466850e-04 -6.90920310e-06]
 [-1.23820545e-04 -6.90920310e-06  1.53356041e-04]]
Iteration 127
Error: 1.3292499830575462e-07
[[ 2.69395545e-03  1.96710465e-05 -1.23834197e-04]
 [ 1.96710465e-05  4.84441274e-04 -6.89856014e-06]
 [-1.23834197e-04 -6.89856014e-06  1.53358065e-04]]
Iteration 128
Error: 1.2806795319176042e-07
[[ 2.69399066e-03  1.96613438e-05 -1.23847250e-04]
 [ 1.96613438e-05  4.84416550e-04 -6.88824337e-06]
 [-1.23847250e-04 -6.88824337e-06  1.53360062e-04]]
Iteration 129
Error: 1.2340509284764175e-07
[[ 2.69402457e-03  1.96520147e-05 -1.23859733e-04]
 [ 1.96520147e-05  4.84392650e-04 -6.87824325e-06]
 [-1.23859733e-04 -6.87824325e-06  1.53362030e-04]]
Iteration 130
Error: 1.1892774025566258e-07
[[ 2.69405724e-03  1.96430439e-05 -1.23871674e-04]
 [ 1.96430439e-05  4.84369544e-04 -6.86855050e-06]
 [-1.23871674e-04 -6.86855050e-06  1.53363968e-04]]
Iteration 131
Error: 1.1462765101087438e-07
[[ 2.69408873e-03  1.96344167e-05 -1.23883100e-04]
 [ 1.96344167e-05  4.84347206e-04 -6.85915606e-06]
 [-1.23883100e-04 -6.85915606e-06  1.53365874e-04]]
Iteration 132
Error: 1.1049698984757169e-07
[[ 2.69411908e-03  1.96261190e-05 -1.23894036e-04]
 [ 1.96261190e-05  4.84325607e-04 -6.85005114e-06]
 [-1.23894036e-04 -6.85005114e-06  1.53367747e-04]]
Iteration 133
Error: 1.0652830860293535e-07
[[ 2.69414834e-03  1.96181375e-05 -1.23904504e-04]
 [ 1.96181375e-05  4.84304723e-04 -6.84122715e-06]
 [-1.23904504e-04 -6.84122715e-06  1.53369587e-04]]
Iteration 134
Error: 1.0271452526090219e-07
[[ 2.69417655e-03  1.96104591e-05 -1.23914527e-04]
 [ 1.96104591e-05  4.84284529e-04 -6.83267576e-06]
 [-1.23914527e-04 -6.83267576e-06  1.53371393e-04]]
Iteration 135
Error: 9.904890434589498e-08
[[ 2.69420375e-03  1.96030716e-05 -1.23924128e-04]
 [ 1.96030716e-05  4.84265001e-04 -6.82438884e-06]
 [-1.23924128e-04 -6.82438884e-06  1.53373164e-04]]
Iteration 136
Error: 9.552503829791478e-08
[[ 2.69422998e-03  1.95959632e-05 -1.23933324e-04]
 [ 1.95959632e-05  4.84246117e-04 -6.81635850e-06]
 [-1.23933324e-04 -6.81635850e-06  1.53374900e-04]]
Iteration 137
Error: 9.213683000429056e-08
[[ 2.69425528e-03  1.95891226e-05 -1.23942137e-04]
 [ 1.95891226e-05  4.84227854e-04 -6.80857706e-06]
 [-1.23942137e-04 -6.80857706e-06  1.53376600e-04]]
Iteration 138
Error: 8.887847624448459e-08
[[ 2.69427970e-03  1.95825390e-05 -1.23950583e-04]
 [ 1.95825390e-05  4.84210191e-04 -6.80103705e-06]
 [-1.23950583e-04 -6.80103705e-06  1.53378265e-04]]
Iteration 139
Error: 8.57444520887468e-08
[[ 2.69430325e-03  1.95762020e-05 -1.23958679e-04]
 [ 1.95762020e-05  4.84193108e-04 -6.79373121e-06]
 [-1.23958679e-04 -6.79373121e-06  1.53379894e-04]]
Iteration 140
Error: 8.272949620935385e-08
[[ 2.69432598e-03  1.95701018e-05 -1.23966443e-04]
 [ 1.95701018e-05  4.84176585e-04 -6.78665246e-06]
 [-1.23966443e-04 -6.78665246e-06  1.53381487e-04]]
Iteration 141
Error: 7.982859698076805e-08
[[ 2.69434791e-03  1.95642288e-05 -1.23973888e-04]
 [ 1.95642288e-05  4.84160603e-04 -6.77979397e-06]
 [-1.23973888e-04 -6.77979397e-06  1.53383044e-04]]
Iteration 142
Error: 7.703697938126039e-08
[[ 2.69436909e-03  1.95585740e-05 -1.23981031e-04]
 [ 1.95585740e-05  4.84145144e-04 -6.77314905e-06]
 [-1.23981031e-04 -6.77314905e-06  1.53384566e-04]]
Iteration 143
Error: 7.435009262708675e-08
[[ 2.69438952e-03  1.95531286e-05 -1.23987884e-04]
 [ 1.95531286e-05  4.84130190e-04 -6.76671123e-06]
 [-1.23987884e-04 -6.76671123e-06  1.53386052e-04]]
Iteration 144
Error: 7.17635984778174e-08
[[ 2.69440925e-03  1.95478844e-05 -1.23994461e-04]
 [ 1.95478844e-05  4.84115724e-04 -6.76047421e-06]
 [-1.23994461e-04 -6.76047421e-06  1.53387503e-04]]
Iteration 145
Error: 6.927336025429226e-08
[[ 2.69442830e-03  1.95428334e-05 -1.24000774e-04]
 [ 1.95428334e-05  4.84101730e-04 -6.75443188e-06]
 [-1.24000774e-04 -6.75443188e-06  1.53388919e-04]]
Iteration 146
Error: 6.687543240218731e-08
[[ 2.69444670e-03  1.95379679e-05 -1.24006835e-04]
 [ 1.95379679e-05  4.84088192e-04 -6.74857830e-06]
 [-1.24006835e-04 -6.74857830e-06  1.53390301e-04]]
Iteration 147
Error: 6.45660506766155e-08
[[ 2.69446446e-03  1.95332807e-05 -1.24012656e-04]
 [ 1.95332807e-05  4.84075094e-04 -6.74290772e-06]
 [-1.24012656e-04 -6.74290772e-06  1.53391648e-04]]
Iteration 148
Error: 6.23416228681476e-08
[[ 2.69448162e-03  1.95287647e-05 -1.24018246e-04]
 [ 1.95287647e-05  4.84062423e-04 -6.73741451e-06]
 [-1.24018246e-04 -6.73741451e-06  1.53392962e-04]]
Iteration 149
Error: 6.019872002701727e-08
[[ 2.69449819e-03  1.95244132e-05 -1.24023617e-04]
 [ 1.95244132e-05  4.84050163e-04 -6.73209326e-06]
 [-1.24023617e-04 -6.73209326e-06  1.53394243e-04]]
Iteration 150
Error: 5.813406819598462e-08
[[ 2.69451420e-03  1.95202199e-05 -1.24028777e-04]
 [ 1.95202199e-05  4.84038302e-04 -6.72693869e-06]
 [-1.24028777e-04 -6.72693869e-06  1.53395491e-04]]
Iteration 151
Error: 5.6144540573858446e-08
[[ 2.69452967e-03  1.95161785e-05 -1.24033736e-04]
 [ 1.95161785e-05  4.84026825e-04 -6.72194566e-06]
 [-1.24033736e-04 -6.72194566e-06  1.53396706e-04]]
Iteration 152
Error: 5.422715013144751e-08
[[ 2.69454461e-03  1.95122831e-05 -1.24038503e-04]
 [ 1.95122831e-05  4.84015721e-04 -6.71710922e-06]
 [-1.24038503e-04 -6.71710922e-06  1.53397890e-04]]
Iteration 153
Error: 5.2379042621004444e-08
[[ 2.69455904e-03  1.95085282e-05 -1.24043086e-04]
 [ 1.95085282e-05  4.84004977e-04 -6.71242453e-06]
 [-1.24043086e-04 -6.71242453e-06  1.53399043e-04]]
Iteration 154
Error: 5.0597489955851786e-08
[[ 2.69457299e-03  1.95049083e-05 -1.24047493e-04]
 [ 1.95049083e-05  4.83994580e-04 -6.70788692e-06]
 [-1.24047493e-04 -6.70788692e-06  1.53400165e-04]]
Iteration 155
Error: 4.8879884001925254e-08
[[ 2.69458648e-03  1.95014181e-05 -1.24051731e-04]
 [ 1.95014181e-05  4.83984520e-04 -6.70349183e-06]
 [-1.24051731e-04 -6.70349183e-06  1.53401257e-04]]
Iteration 156
Error: 4.7223730625749454e-08
[[ 2.69459950e-03  1.94980528e-05 -1.24055808e-04]
 [ 1.94980528e-05  4.83974785e-04 -6.69923487e-06]
 [-1.24055808e-04 -6.69923487e-06  1.53402319e-04]]
Iteration 157
Error: 4.562664413025304e-08
[[ 2.69461210e-03  1.94948075e-05 -1.24059730e-04]
 [ 1.94948075e-05  4.83965365e-04 -6.69511175e-06]
 [-1.24059730e-04 -6.69511175e-06  1.53403353e-04]]
Iteration 158
Error: 4.408634195842925e-08
[[ 2.69462427e-03  1.94916778e-05 -1.24063504e-04]
 [ 1.94916778e-05  4.83956249e-04 -6.69111833e-06]
 [-1.24063504e-04 -6.69111833e-06  1.53404358e-04]]
Iteration 159
Error: 4.2600639709394024e-08
[[ 2.69463603e-03  1.94886591e-05 -1.24067136e-04]
 [ 1.94886591e-05  4.83947428e-04 -6.68725059e-06]
 [-1.24067136e-04 -6.68725059e-06  1.53405335e-04]]
Iteration 160
Error: 4.1167446368382666e-08
[[ 2.69464740e-03  1.94857473e-05 -1.24070632e-04]
 [ 1.94857473e-05  4.83938891e-04 -6.68350462e-06]
 [-1.24070632e-04 -6.68350462e-06  1.53406286e-04]]
Iteration 161
Error: 3.978475986414503e-08
[[ 2.69465840e-03  1.94829383e-05 -1.24073998e-04]
 [ 1.94829383e-05  4.83930630e-04 -6.67987664e-06]
 [-1.24073998e-04 -6.67987664e-06  1.53407210e-04]]
Iteration 162
Error: 3.8450662783445015e-08
[[ 2.69466903e-03  1.94802284e-05 -1.24077238e-04]
 [ 1.94802284e-05  4.83922634e-04 -6.67636297e-06]
 [-1.24077238e-04 -6.67636297e-06  1.53408108e-04]]
Iteration 163
Error: 3.716331838734601e-08
[[ 2.69467930e-03  1.94776137e-05 -1.24080359e-04]
 [ 1.94776137e-05  4.83914897e-04 -6.67296006e-06]
 [-1.24080359e-04 -6.67296006e-06  1.53408981e-04]]
Iteration 164
Error: 3.592096676827326e-08
[[ 2.69468924e-03  1.94750908e-05 -1.24083364e-04]
 [ 1.94750908e-05  4.83907409e-04 -6.66966445e-06]
 [-1.24083364e-04 -6.66966445e-06  1.53409829e-04]]
Iteration 165
Error: 3.472192126766587e-08
[[ 2.69469885e-03  1.94726561e-05 -1.24086259e-04]
 [ 1.94726561e-05  4.83900161e-04 -6.66647280e-06]
 [-1.24086259e-04 -6.66647280e-06  1.53410652e-04]]
Iteration 166
Error: 3.3564565041712224e-08
[[ 2.69470814e-03  1.94703065e-05 -1.24089049e-04]
 [ 1.94703065e-05  4.83893147e-04 -6.66338187e-06]
 [-1.24089049e-04 -6.66338187e-06  1.53411453e-04]]
Iteration 167
Error: 3.2447347816978326e-08
[[ 2.69471712e-03  1.94680387e-05 -1.24091736e-04]
 [ 1.94680387e-05  4.83886359e-04 -6.66038851e-06]
 [-1.24091736e-04 -6.66038851e-06  1.53412230e-04]]
Iteration 168
Error: 3.1368782824245085e-08
[[ 2.69472581e-03  1.94658497e-05 -1.24094326e-04]
 [ 1.94658497e-05  4.83879789e-04 -6.65748966e-06]
 [-1.24094326e-04 -6.65748966e-06  1.53412985e-04]]
Iteration 169
Error: 3.0327443863639104e-08
[[ 2.69473422e-03  1.94637367e-05 -1.24096822e-04]
 [ 1.94637367e-05  4.83873430e-04 -6.65468237e-06]
 [-1.24096822e-04 -6.65468237e-06  1.53413717e-04]]
Iteration 170
Error: 2.9321962559637762e-08
[[ 2.69474234e-03  1.94616969e-05 -1.24099228e-04]
 [ 1.94616969e-05  4.83867276e-04 -6.65196378e-06]
 [-1.24099228e-04 -6.65196378e-06  1.53414429e-04]]
Iteration 171
Error: 2.835102571055913e-08
[[ 2.69475020e-03  1.94597275e-05 -1.24101547e-04]
 [ 1.94597275e-05  4.83861319e-04 -6.64933111e-06]
 [-1.24101547e-04 -6.64933111e-06  1.53415120e-04]]
Iteration 172
Error: 2.7413372814312655e-08
[[ 2.69475781e-03  1.94578260e-05 -1.24103784e-04]
 [ 1.94578260e-05  4.83855553e-04 -6.64678166e-06]
 [-1.24103784e-04 -6.64678166e-06  1.53415791e-04]]
Iteration 173
Error: 2.650779369194151e-08
[[ 2.69476516e-03  1.94559900e-05 -1.24105940e-04]
 [ 1.94559900e-05  4.83849973e-04 -6.64431283e-06]
 [-1.24105940e-04 -6.64431283e-06  1.53416441e-04]]
Iteration 174
Error: 2.5633126242004416e-08
[[ 2.69477227e-03  1.94542169e-05 -1.24108020e-04]
 [ 1.94542169e-05  4.83844571e-04 -6.64192209e-06]
 [-1.24108020e-04 -6.64192209e-06  1.53417073e-04]]
Iteration 175
Error: 2.4788254299738826e-08
[[ 2.69477915e-03  1.94525047e-05 -1.24110025e-04]
 [ 1.94525047e-05  4.83839343e-04 -6.63960698e-06]
 [-1.24110025e-04 -6.63960698e-06  1.53417686e-04]]
Iteration 176
Error: 2.397210562339426e-08
[[ 2.69478581e-03  1.94508511e-05 -1.24111960e-04]
 [ 1.94508511e-05  4.83834283e-04 -6.63736513e-06]
 [-1.24111960e-04 -6.63736513e-06  1.53418281e-04]]
Iteration 177
Error: 2.318364994071683e-08
[[ 2.69479225e-03  1.94492539e-05 -1.24113827e-04]
 [ 1.94492539e-05  4.83829384e-04 -6.63519423e-06]
 [-1.24113827e-04 -6.63519423e-06  1.53418858e-04]]
Iteration 178
Error: 2.2421897136083583e-08
[[ 2.69479848e-03  1.94477111e-05 -1.24115627e-04]
 [ 1.94477111e-05  4.83824643e-04 -6.63309207e-06]
 [-1.24115627e-04 -6.63309207e-06  1.53419418e-04]]
Iteration 179
Error: 2.168589549002414e-08
[[ 2.69480451e-03  1.94462209e-05 -1.24117365e-04]
 [ 1.94462209e-05  4.83820054e-04 -6.63105647e-06]
 [-1.24117365e-04 -6.63105647e-06  1.53419961e-04]]
Iteration 180
Error: 2.0974730029978098e-08
[[ 2.69481034e-03  1.94447812e-05 -1.24119042e-04]
 [ 1.94447812e-05  4.83815612e-04 -6.62908533e-06]
 [-1.24119042e-04 -6.62908533e-06  1.53420488e-04]]
Iteration 181
Error: 2.0287520967234634e-08
[[ 2.69481598e-03  1.94433904e-05 -1.24120660e-04]
 [ 1.94433904e-05  4.83811312e-04 -6.62717664e-06]
 [-1.24120660e-04 -6.62717664e-06  1.53420999e-04]]
Iteration 182
Error: 1.962342214765334e-08
[[ 2.69482143e-03  1.94420467e-05 -1.24122222e-04]
 [ 1.94420467e-05  4.83807150e-04 -6.62532842e-06]
 [-1.24122222e-04 -6.62532842e-06  1.53421495e-04]]
Iteration 183
Error: 1.8981619671302064e-08
[[ 2.69482672e-03  1.94407484e-05 -1.24123729e-04]
 [ 1.94407484e-05  4.83803121e-04 -6.62353877e-06]
 [-1.24123729e-04 -6.62353877e-06  1.53421976e-04]]
Iteration 184
Error: 1.8361330506341705e-08
[[ 2.69483183e-03  1.94394938e-05 -1.24125185e-04]
 [ 1.94394938e-05  4.83799221e-04 -6.62180584e-06]
 [-1.24125185e-04 -6.62180584e-06  1.53422442e-04]]
Iteration 185
Error: 1.776180119401617e-08
[[ 2.69483677e-03  1.94382816e-05 -1.24126590e-04]
 [ 1.94382816e-05  4.83795446e-04 -6.62012785e-06]
 [-1.24126590e-04 -6.62012785e-06  1.53422894e-04]]
Iteration 186
Error: 1.7182306613392037e-08
[[ 2.69484155e-03  1.94371101e-05 -1.24127946e-04]
 [ 1.94371101e-05  4.83791791e-04 -6.61850306e-06]
 [-1.24127946e-04 -6.61850306e-06  1.53423332e-04]]
Iteration 187
Error: 1.6622148790069408e-08
[[ 2.69484618e-03  1.94359780e-05 -1.24129256e-04]
 [ 1.94359780e-05  4.83788254e-04 -6.61692979e-06]
 [-1.24129256e-04 -6.61692979e-06  1.53423757e-04]]
Iteration 188
Error: 1.6080655814300593e-08
[[ 2.69485066e-03  1.94348839e-05 -1.24130521e-04]
 [ 1.94348839e-05  4.83784830e-04 -6.61540641e-06]
 [-1.24130521e-04 -6.61540641e-06  1.53424170e-04]]
Iteration 189
Error: 1.555718072080429e-08
[[ 2.69485500e-03  1.94338264e-05 -1.24131743e-04]
 [ 1.94338264e-05  4.83781515e-04 -6.61393136e-06]
 [-1.24131743e-04 -6.61393136e-06  1.53424569e-04]]
Iteration 190
Error: 1.505110049445224e-08
[[ 2.69485919e-03  1.94328043e-05 -1.24132923e-04]
 [ 1.94328043e-05  4.83778306e-04 -6.61250310e-06]
 [-1.24132923e-04 -6.61250310e-06  1.53424956e-04]]
Iteration 191
Error: 1.4561815088266669e-08
[[ 2.69486325e-03  1.94318163e-05 -1.24134063e-04]
 [ 1.94318163e-05  4.83775200e-04 -6.61112016e-06]
 [-1.24134063e-04 -6.61112016e-06  1.53425332e-04]]
Iteration 192
Error: 1.4088746500757454e-08
[[ 2.69486718e-03  1.94308613e-05 -1.24135164e-04]
 [ 1.94308613e-05  4.83772193e-04 -6.60978110e-06]
 [-1.24135164e-04 -6.60978110e-06  1.53425696e-04]]
Iteration 193
Error: 1.363133786333222e-08
[[ 2.69487098e-03  1.94299381e-05 -1.24136227e-04]
 [ 1.94299381e-05  4.83769282e-04 -6.60848454e-06]
 [-1.24136227e-04 -6.60848454e-06  1.53426049e-04]]
Iteration 194
Error: 1.3189052632860484e-08
[[ 2.69487466e-03  1.94290456e-05 -1.24137255e-04]
 [ 1.94290456e-05  4.83766465e-04 -6.60722913e-06]
 [-1.24137255e-04 -6.60722913e-06  1.53426391e-04]]
Iteration 195
Error: 1.2761373749616185e-08
[[ 2.69487822e-03  1.94281827e-05 -1.24138247e-04]
 [ 1.94281827e-05  4.83763737e-04 -6.60601357e-06]
 [-1.24138247e-04 -6.60601357e-06  1.53426722e-04]]
Iteration 196
Error: 1.2347802873245489e-08
[[ 2.69488166e-03  1.94273485e-05 -1.24139206e-04]
 [ 1.94273485e-05  4.83761096e-04 -6.60483661e-06]
 [-1.24139206e-04 -6.60483661e-06  1.53427043e-04]]
Iteration 197
Error: 1.1947859643947388e-08
[[ 2.69488500e-03  1.94265420e-05 -1.24140133e-04]
 [ 1.94265420e-05  4.83758540e-04 -6.60369701e-06]
 [-1.24140133e-04 -6.60369701e-06  1.53427355e-04]]
Iteration 198
Error: 1.1561080981154135e-08
[[ 2.69488822e-03  1.94257622e-05 -1.24141029e-04]
 [ 1.94257622e-05  4.83756066e-04 -6.60259360e-06]
 [-1.24141029e-04 -6.60259360e-06  1.53427656e-04]]
Iteration 199
Error: 1.1187020392540399e-08
[[ 2.69489135e-03  1.94250081e-05 -1.24141894e-04]
 [ 1.94250081e-05  4.83753670e-04 -6.60152523e-06]
 [-1.24141894e-04 -6.60152523e-06  1.53427949e-04]]
Iteration 200
Error: 1.082524734753398e-08
[[ 2.69489437e-03  1.94242790e-05 -1.24142731e-04]
 [ 1.94242790e-05  4.83751351e-04 -6.60049080e-06]
 [-1.24142731e-04 -6.60049080e-06  1.53428232e-04]]
Iteration 201
Error: 1.0475346641566766e-08
[[ 2.69489730e-03  1.94235740e-05 -1.24143539e-04]
 [ 1.94235740e-05  4.83749106e-04 -6.59948922e-06]
 [-1.24143539e-04 -6.59948922e-06  1.53428507e-04]]
Iteration 202
Error: 1.0136917818010313e-08
[[ 2.69490013e-03  1.94228922e-05 -1.24144321e-04]
 [ 1.94228922e-05  4.83746933e-04 -6.59851946e-06]
 [-1.24144321e-04 -6.59851946e-06  1.53428773e-04]]
