DONKEY Clustering
Number of datapoints: 639
Number of features:   3
Periodic features:    []

1. Covariance Optimisation
Convergence threshold: 1e-08

Initial guess
[[1. 0. 0.]
 [0. 1. 0.]
 [0. 0. 1.]]
Iteration 1
Error: 2.9696928777168825
[[ 2.20840835e-02 -1.31279627e-06  6.31583138e-07]
 [-1.31279627e-06  6.72550902e-03  9.26911541e-07]
 [ 6.31583138e-07  9.26911541e-07  1.50327239e-03]]
Iteration 2
Error: 0.01341991624448133
[[ 1.23667587e-02 -1.30890087e-05  5.31130359e-06]
 [-1.30890087e-05  3.74143799e-03  1.09116988e-05]
 [ 5.31130359e-06  1.09116988e-05  8.37633374e-04]]
Iteration 3
Error: 0.00471306675297117
[[ 8.93481595e-03 -1.50172779e-05  6.86188080e-06]
 [-1.50172779e-05  2.70623447e-03  6.61136673e-06]
 [ 6.86188080e-06  6.61136673e-06  6.07271248e-04]]
Iteration 4
Error: 0.0024613801700942898
[[ 7.14662101e-03 -1.87478180e-05  8.75621912e-06]
 [-1.87478180e-05  2.17147794e-03  2.38627628e-06]
 [ 8.75621912e-06  2.38627628e-06  4.88542483e-04]]
Iteration 5
Error: 0.0015289838838191668
[[ 6.04130460e-03 -2.40172951e-05  1.06723517e-05]
 [-2.40172951e-05  1.84162128e-03 -9.05735714e-07]
 [ 1.06723517e-05 -9.05735714e-07  4.15686908e-04]]
Iteration 6
Error: 0.0010472228388717672
[[ 5.28919756e-03 -3.00372426e-05  1.24085120e-05]
 [-3.00372426e-05  1.61647384e-03 -3.47168883e-06]
 [ 1.24085120e-05 -3.47168883e-06  3.66362668e-04]]
Iteration 7
Error: 0.000763300872180334
[[ 4.74519251e-03 -3.63117523e-05  1.39052516e-05]
 [-3.63117523e-05  1.45242619e-03 -5.54579589e-06]
 [ 1.39052516e-05 -5.54579589e-06  3.30805215e-04]]
Iteration 8
Error: 0.0005806272112976262
[[ 4.33491703e-03 -4.25714130e-05  1.51603581e-05]
 [-4.25714130e-05  1.32736090e-03 -7.29133947e-06]
 [ 1.51603581e-05 -7.29133947e-06  3.04039394e-04]]
Iteration 9
Error: 0.00045548618790594163
[[ 4.01607934e-03 -4.86798093e-05  1.61918599e-05]
 [-4.86798093e-05  1.22882465e-03 -8.81354786e-06]
 [ 1.61918599e-05 -8.81354786e-06  2.83251360e-04]]
Iteration 10
Error: 0.0003656413467615779
[[ 3.76273103e-03 -5.45749678e-05  1.70240130e-05]
 [-5.45749678e-05  1.14924600e-03 -1.01796390e-05]
 [ 1.70240130e-05 -1.01796390e-05  2.66723775e-04]]
Iteration 11
Error: 0.0002987631698353435
[[ 3.55799587e-03 -6.02358427e-05  1.76818730e-05]
 [-6.02358427e-05  1.08374048e-03 -1.14330851e-05]
 [ 1.76818730e-05 -1.14330851e-05  2.53345649e-04]]
Iteration 12
Error: 0.0002475431981674558
[[ 3.39037913e-03 -6.56633555e-05  1.81891211e-05]
 [-6.56633555e-05  1.02900384e-03 -1.26025480e-05]
 [ 1.81891211e-05 -1.26025480e-05  2.42364278e-04]]
Iteration 13
Error: 0.00020741105427854865
[[ 3.25175241e-03 -7.08696379e-05  1.85672206e-05]
 [-7.08696379e-05  9.82711945e-04 -1.37073111e-05]
 [ 1.85672206e-05 -1.37073111e-05  2.33250136e-04]]
Iteration 14
Error: 0.00017537993253297781
[[ 3.13618678e-03 -7.58719075e-05  1.88351676e-05]
 [-7.58719075e-05  9.43175902e-04 -1.47605851e-05]
 [ 1.88351676e-05 -1.47605851e-05  2.25618853e-04]]
Iteration 15
Error: 0.0001494243828073561
[[ 3.03924386e-03 -8.06889850e-05  1.90095223e-05]
 [-8.06889850e-05  9.09134150e-04 -1.57715513e-05]
 [ 1.90095223e-05 -1.57715513e-05  2.19183936e-04]]
Iteration 16
Error: 0.00012812688513981452
[[ 2.95752715e-03 -8.53393409e-05  1.91045747e-05]
 [-8.53393409e-05  8.79621972e-04 -1.67466538e-05]
 [ 1.91045747e-05 -1.67466538e-05  2.13726969e-04]]
Iteration 17
Error: 0.000110468029552612
[[ 2.88838813e-03 -8.98400422e-05  1.91325694e-05]
 [-8.98400422e-05  8.53886719e-04 -1.76904368e-05]
 [ 1.91325694e-05 -1.76904368e-05  2.09078162e-04]]
Iteration 18
Error: 9.581163342376264e-05
[[ 2.82972802e-03 -9.42062368e-05  1.91039491e-05]
 [-9.42062368e-05  8.31331038e-04 -1.86061046e-05]
 [ 1.91039491e-05 -1.86061046e-05  2.05103294e-04]]
Iteration 19
Error: 8.355533507431517e-05
[[ 2.77986026e-03 -9.84509635e-05  1.90275946e-05]
 [-9.84509635e-05  8.11473809e-04 -1.94959039e-05]
 [ 1.90275946e-05 -1.94959039e-05  2.01694704e-04]]
Iteration 20
Error: 7.316045599205202e-05
[[ 2.73741321e-03 -1.02585157e-04  1.89110486e-05]
 [-1.02585157e-04  7.93922614e-04 -2.03613934e-05]
 [ 1.89110486e-05 -2.03613934e-05  1.98764948e-04]]
Iteration 21
Error: 6.429541368674837e-05
[[ 2.70125963e-03 -1.06617772e-04  1.87607171e-05]
 [-1.06617772e-04  7.78353889e-04 -2.12036375e-05]
 [ 1.87607171e-05 -2.12036375e-05  1.96242225e-04]]
Iteration 22
Error: 5.669881097183739e-05
[[ 2.67046470e-03 -1.10555963e-04  1.85820472e-05]
 [-1.10555963e-04  7.64498347e-04 -2.20233475e-05]
 [ 1.85820472e-05 -2.20233475e-05  1.94067022e-04]]
Iteration 23
Error: 5.01619411713105e-05
[[ 2.64424717e-03 -1.14405309e-04  1.83796806e-05]
 [-1.14405309e-04  7.52130056e-04 -2.28209874e-05]
 [ 1.83796806e-05 -2.28209874e-05  1.92189615e-04]]
Iteration 24
Error: 4.451627931390488e-05
[[ 2.62194963e-03 -1.18170032e-04  1.81575834e-05]
 [-1.18170032e-04  7.41058127e-04 -2.35968521e-05]
 [ 1.81575834e-05 -2.35968521e-05  1.90568167e-04]]
Iteration 25
Error: 3.962438292198788e-05
[[ 2.60301577e-03 -1.21853224e-04  1.79191568e-05]
 [-1.21853224e-04  7.31120296e-04 -2.43511275e-05]
 [ 1.79191568e-05 -2.43511275e-05  1.89167268e-04]]
Iteration 26
Error: 3.5373167142904574e-05
[[ 2.58697240e-03 -1.25457053e-04  1.76673283e-05]
 [-1.25457053e-04  7.22177892e-04 -2.50839345e-05]
 [ 1.76673283e-05 -2.50839345e-05  1.87956799e-04]]
Iteration 27
Error: 3.1668861211747684e-05
[[ 2.57341541e-03 -1.28982950e-04  1.74046280e-05]
 [-1.28982950e-04  7.14111847e-04 -2.57953630e-05]
 [ 1.74046280e-05 -2.57953630e-05  1.86911027e-04]]
Iteration 28
Error: 2.8433174113206414e-05
[[ 2.56199841e-03 -1.32431783e-04  1.71332510e-05]
 [-1.32431783e-04  7.06819498e-04 -2.64854961e-05]
 [ 1.71332510e-05 -2.64854961e-05  1.86007886e-04]]
Iteration 29
Error: 2.5600342529064966e-05
[[ 2.55242364e-03 -1.35804000e-04  1.68551095e-05]
 [-1.35804000e-04  7.00211997e-04 -2.71544280e-05]
 [ 1.68551095e-05 -2.71544280e-05  1.85228400e-04]]
Iteration 30
Error: 2.3114831276525238e-05
[[ 2.54443449e-03 -1.39099756e-04  1.65718744e-05]
 [-1.39099756e-04  6.94212193e-04 -2.78022766e-05]
 [ 1.65718744e-05 -2.78022766e-05  1.84556201e-04]]
Iteration 31
Error: 2.0929522426666207e-05
[[ 2.53780941e-03 -1.42319019e-04  1.62850107e-05]
 [-1.42319019e-04  6.88752888e-04 -2.84291916e-05]
 [ 1.62850107e-05 -2.84291916e-05  1.83977147e-04]]
Iteration 32
Error: 1.9004274786251556e-05
[[ 2.53235681e-03 -1.45461656e-04  1.59958057e-05]
 [-1.45461656e-04  6.83775389e-04 -2.90353595e-05]
 [ 1.59958057e-05 -2.90353595e-05  1.83478991e-04]]
Iteration 33
Error: 1.730476722516128e-05
[[ 2.52791081e-03 -1.48527502e-04  1.57053925e-05]
 [-1.48527502e-04  6.79228301e-04 -2.96210057e-05]
 [ 1.57053925e-05 -2.96210057e-05  1.83051117e-04]]
Iteration 34
Error: 1.580156184580641e-05
[[ 2.52432771e-03 -1.51516418e-04  1.54147697e-05]
 [-1.51516418e-04  6.75066512e-04 -3.01863952e-05]
 [ 1.54147697e-05 -3.01863952e-05  1.82684305e-04]]
Iteration 35
Error: 1.4469339123998909e-05
[[ 2.52148291e-03 -1.54428329e-04  1.51248175e-05]
 [-1.54428329e-04  6.71250334e-04 -3.07318312e-05]
 [ 1.51248175e-05 -3.07318312e-05  1.82370544e-04]]
Iteration 36
Error: 1.3286268843572327e-05
[[ 2.51926839e-03 -1.57263260e-04  1.48363113e-05]
 [-1.57263260e-04  6.67744783e-04 -3.12576533e-05]
 [ 1.48363113e-05 -3.12576533e-05  1.82102867e-04]]
Iteration 37
Error: 1.2233489212150481e-05
[[ 2.51759049e-03 -1.60021352e-04  1.45499335e-05]
 [-1.60021352e-04  6.64518951e-04 -3.17642342e-05]
 [ 1.45499335e-05 -3.17642342e-05  1.81875210e-04]]
Iteration 38
Error: 1.1294672884158e-05
[[ 2.51636803e-03 -1.62702878e-04  1.42662832e-05]
 [-1.62702878e-04  6.61545487e-04 -3.22519766e-05]
 [ 1.42662832e-05 -3.22519766e-05  1.81682292e-04]]
Iteration 39
Error: 1.0455663352474104e-05
[[ 2.51553071e-03 -1.65308252e-04  1.39858847e-05]
 [-1.65308252e-04  6.58800138e-04 -3.27213094e-05]
 [ 1.39858847e-05 -3.27213094e-05  1.81519516e-04]]
Iteration 40
Error: 9.704168740803025e-06
[[ 2.51501763e-03 -1.67838025e-04  1.37091949e-05]
 [-1.67838025e-04  6.56261360e-04 -3.31726838e-05]
 [ 1.37091949e-05 -3.31726838e-05  1.81382875e-04]]
Iteration 41
Error: 9.02950274407199e-06
[[ 2.51477618e-03 -1.70292891e-04  1.34366101e-05]
 [-1.70292891e-04  6.53909982e-04 -3.36065695e-05]
 [ 1.34366101e-05 -3.36065695e-05  1.81268877e-04]]
Iteration 42
Error: 8.422364547169038e-06
[[ 2.51476088e-03 -1.72673674e-04  1.31684712e-05]
 [-1.72673674e-04  6.51728917e-04 -3.40234511e-05]
 [ 1.31684712e-05 -3.40234511e-05  1.81174482e-04]]
Iteration 43
Error: 8.217951012516424e-06
[[ 2.51493253e-03 -1.74981323e-04  1.29050696e-05]
 [-1.74981323e-04  6.49702908e-04 -3.44238242e-05]
 [ 1.29050696e-05 -3.44238242e-05  1.81097038e-04]]
Iteration 44
Error: 8.028975883312719e-06
[[ 2.51525737e-03 -1.77216905e-04  1.26466513e-05]
 [-1.77216905e-04  6.47818310e-04 -3.48081926e-05]
 [ 1.26466513e-05 -3.48081926e-05  1.81034236e-04]]
Iteration 45
Error: 7.828174688206622e-06
[[ 2.51570639e-03 -1.79381589e-04  1.23934215e-05]
 [-1.79381589e-04  6.46062899e-04 -3.51770647e-05]
 [ 1.23934215e-05 -3.51770647e-05  1.80984064e-04]]
Iteration 46
Error: 7.6184342796342304e-06
[[ 2.51625472e-03 -1.81476640e-04  1.21455479e-05]
 [-1.81476640e-04  6.44425705e-04 -3.55309507e-05]
 [ 1.21455479e-05 -3.55309507e-05  1.80944771e-04]]
Iteration 47
Error: 7.402248534722633e-06
[[ 2.51688107e-03 -1.83503406e-04  1.19031651e-05]
 [-1.83503406e-04  6.42896872e-04 -3.58703604e-05]
 [ 1.19031651e-05 -3.58703604e-05  1.80914832e-04]]
Iteration 48
Error: 7.181764233517352e-06
[[ 2.51756733e-03 -1.85463303e-04  1.16663768e-05]
 [-1.85463303e-04  6.41467524e-04 -3.61958006e-05]
 [ 1.16663768e-05 -3.61958006e-05  1.80892918e-04]]
Iteration 49
Error: 6.9588218333568e-06
[[ 2.51829805e-03 -1.87357810e-04  1.14352595e-05]
 [-1.87357810e-04  6.40129659e-04 -3.65077730e-05]
 [ 1.14352595e-05 -3.65077730e-05  1.80877875e-04]]
Iteration 50
Error: 6.7349917503150605e-06
[[ 2.51906018e-03 -1.89188452e-04  1.12098649e-05]
 [-1.89188452e-04  6.38876049e-04 -3.68067729e-05]
 [ 1.12098649e-05 -3.68067729e-05  1.80868698e-04]]
Iteration 51
Error: 6.511606664439715e-06
[[ 2.51984271e-03 -1.90956795e-04  1.09902223e-05]
 [-1.90956795e-04  6.37700158e-04 -3.70932871e-05]
 [ 1.09902223e-05 -3.70932871e-05  1.80864514e-04]]
Iteration 52
Error: 6.289893397810562e-06
[[ 2.52063640e-03 -1.92664434e-04  1.07763413e-05]
 [-1.92664434e-04  6.36596062e-04 -3.73677931e-05]
 [ 1.07763413e-05 -3.73677931e-05  1.80864566e-04]]
Iteration 53
Error: 6.0777396308445395e-06
[[ 2.52143356e-03 -1.94312982e-04  1.05682133e-05]
 [-1.94312982e-04  6.35558384e-04 -3.76307578e-05]
 [ 1.05682133e-05 -3.76307578e-05  1.80868194e-04]]
Iteration 54
Error: 5.8677327450498e-06
[[ 2.52222778e-03 -1.95904067e-04  1.03658142e-05]
 [-1.95904067e-04  6.34582238e-04 -3.78826366e-05]
 [ 1.03658142e-05 -3.78826366e-05  1.80874828e-04]]
Iteration 55
Error: 5.660664500397317e-06
[[ 2.52301385e-03 -1.97439320e-04  1.01691055e-05]
 [-1.97439320e-04  6.33663177e-04 -3.81238729e-05]
 [ 1.01691055e-05 -3.81238729e-05  1.80883973e-04]]
Iteration 56
Error: 5.457184923435335e-06
[[ 2.52378748e-03 -1.98920373e-04  9.97803615e-06]
 [-1.98920373e-04  6.32797144e-04 -3.83548973e-05]
 [ 9.97803615e-06 -3.83548973e-05  1.80895200e-04]]
Iteration 57
Error: 5.2578207726839565e-06
[[ 2.52454526e-03 -2.00348847e-04  9.79254441e-06]
 [-2.00348847e-04  6.31980433e-04 -3.85761274e-05]
 [ 9.79254441e-06 -3.85761274e-05  1.80908139e-04]]
Iteration 58
Error: 5.062991875518812e-06
[[ 2.52528448e-03 -2.01726352e-04  9.61255873e-06]
 [-2.01726352e-04  6.31209658e-04 -3.87879677e-05]
 [ 9.61255873e-06 -3.87879677e-05  1.80922469e-04]]
Iteration 59
Error: 4.873025564119258e-06
[[ 2.52600306e-03 -2.03054480e-04  9.43799928e-06]
 [-2.03054480e-04  6.30481713e-04 -3.89908088e-05]
 [ 9.43799928e-06 -3.89908088e-05  1.80937913e-04]]
Iteration 60
Error: 4.688169414327402e-06
[[ 2.52669942e-03 -2.04334802e-04  9.26877900e-06]
 [-2.04334802e-04  6.29793751e-04 -3.91850282e-05]
 [ 9.26877900e-06 -3.91850282e-05  1.80954234e-04]]
Iteration 61
Error: 4.508602470521098e-06
[[ 2.52737244e-03 -2.05568864e-04  9.10480471e-06]
 [-2.05568864e-04  6.29143155e-04 -3.93709897e-05]
 [ 9.10480471e-06 -3.93709897e-05  1.80971226e-04]]
Iteration 62
Error: 4.33444512076864e-06
[[ 2.52802136e-03 -2.06758185e-04  8.94597802e-06]
 [-2.06758185e-04  6.28527516e-04 -3.95490437e-05]
 [ 8.94597802e-06 -3.95490437e-05  1.80988714e-04]]
Iteration 63
Error: 4.1657677700892025e-06
[[ 2.52864573e-03 -2.07904252e-04  8.79219623e-06]
 [-2.07904252e-04  6.27944616e-04 -3.97195274e-05]
 [ 8.79219623e-06 -3.97195274e-05  1.81006547e-04]]
Iteration 64
Error: 4.002598444455049e-06
[[ 2.52924537e-03 -2.09008523e-04  8.64335304e-06]
 [-2.09008523e-04  6.27392407e-04 -3.98827649e-05]
 [ 8.64335304e-06 -3.98827649e-05  1.81024595e-04]]
Iteration 65
Error: 3.844929444809656e-06
[[ 2.52982031e-03 -2.10072418e-04  8.49933937e-06]
 [-2.10072418e-04  6.26868997e-04 -4.00390677e-05]
 [ 8.49933937e-06 -4.00390677e-05  1.81042749e-04]]
Iteration 66
Error: 3.6927231580942974e-06
[[ 2.53037076e-03 -2.11097326e-04  8.36004391e-06]
 [-2.11097326e-04  6.26372635e-04 -4.01887345e-05]
 [ 8.36004391e-06 -4.01887345e-05  1.81060916e-04]]
Iteration 67
Error: 3.5459171212669754e-06
[[ 2.53089708e-03 -2.12084599e-04  8.22535372e-06]
 [-2.12084599e-04  6.25901697e-04 -4.03320523e-05]
 [ 8.22535372e-06 -4.03320523e-05  1.81079017e-04]]
Iteration 68
Error: 3.4044284242860106e-06
[[ 2.53139973e-03 -2.13035551e-04  8.09515476e-06]
 [-2.13035551e-04  6.25454679e-04 -4.04692957e-05]
 [ 8.09515476e-06 -4.04692957e-05  1.81096985e-04]]
Iteration 69
Error: 3.2681575290174217e-06
[[ 2.53187928e-03 -2.13951462e-04  7.96933236e-06]
 [-2.13951462e-04  6.25030182e-04 -4.06007282e-05]
 [ 7.96933236e-06 -4.06007282e-05  1.81114765e-04]]
Iteration 70
Error: 3.136991572828073e-06
[[ 2.53233636e-03 -2.14833572e-04  7.84777162e-06]
 [-2.14833572e-04  6.24626906e-04 -4.07266022e-05]
 [ 7.84777162e-06 -4.07266022e-05  1.81132309e-04]]
Iteration 71
Error: 3.0108072182225966e-06
[[ 2.53277166e-03 -2.15683086e-04  7.73035775e-06]
 [-2.15683086e-04  6.24243640e-04 -4.08471590e-05]
 [ 7.73035775e-06 -4.08471590e-05  1.81149581e-04]]
Iteration 72
Error: 2.889473103261798e-06
[[ 2.53318591e-03 -2.16501172e-04  7.61697647e-06]
 [-2.16501172e-04  6.23879255e-04 -4.09626299e-05]
 [ 7.61697647e-06 -4.09626299e-05  1.81166549e-04]]
Iteration 73
Error: 2.772851941456756e-06
[[ 2.53357985e-03 -2.17288959e-04  7.50751422e-06]
 [-2.17288959e-04  6.23532698e-04 -4.10732360e-05]
 [ 7.50751422e-06 -4.10732360e-05  1.81183187e-04]]
Iteration 74
Error: 2.660802314323988e-06
[[ 2.53395427e-03 -2.18047544e-04  7.40185849e-06]
 [-2.18047544e-04  6.23202985e-04 -4.11791888e-05]
 [ 7.40185849e-06 -4.11791888e-05  1.81199475e-04]]
Iteration 75
Error: 2.553180195161602e-06
[[ 2.53430993e-03 -2.18777985e-04  7.29989797e-06]
 [-2.18777985e-04  6.22889196e-04 -4.12806907e-05]
 [ 7.29989797e-06 -4.12806907e-05  1.81215399e-04]]
Iteration 76
Error: 2.4498402379270377e-06
[[ 2.53464761e-03 -2.19481306e-04  7.20152279e-06]
 [-2.19481306e-04  6.22590468e-04 -4.13779349e-05]
 [ 7.20152279e-06 -4.13779349e-05  1.81230946e-04]]
Iteration 77
Error: 2.350636861477113e-06
[[ 2.53496809e-03 -2.20158497e-04  7.10662470e-06]
 [-2.20158497e-04  6.22305996e-04 -4.14711063e-05]
 [ 7.10662470e-06 -4.14711063e-05  1.81246108e-04]]
Iteration 78
Error: 2.2554251556077948e-06
[[ 2.53527213e-03 -2.20810514e-04  7.01509717e-06]
 [-2.20810514e-04  6.22035023e-04 -4.15603817e-05]
 [ 7.01509717e-06 -4.15603817e-05  1.81260880e-04]]
Iteration 79
Error: 2.164061632574417e-06
[[ 2.53556048e-03 -2.21438281e-04  6.92683554e-06]
 [-2.21438281e-04  6.21776838e-04 -4.16459298e-05]
 [ 6.92683554e-06 -4.16459298e-05  1.81275258e-04]]
Iteration 80
Error: 2.076404844612051e-06
[[ 2.53583386e-03 -2.22042688e-04  6.84173712e-06]
 [-2.22042688e-04  6.21530775e-04 -4.17279120e-05]
 [ 6.84173712e-06 -4.17279120e-05  1.81289243e-04]]
Iteration 81
Error: 1.9923158857170256e-06
[[ 2.53609299e-03 -2.22624597e-04  6.75970129e-06]
 [-2.22624597e-04  6.21296205e-04 -4.18064825e-05]
 [ 6.75970129e-06 -4.18064825e-05  1.81302833e-04]]
Iteration 82
Error: 1.9116587937199168e-06
[[ 2.53633855e-03 -2.23184836e-04  6.68062954e-06]
 [-2.23184836e-04  6.21072539e-04 -4.18817884e-05]
 [ 6.68062954e-06 -4.18817884e-05  1.81316032e-04]]
Iteration 83
Error: 1.8343008665633471e-06
[[ 2.53657120e-03 -2.23724207e-04  6.60442555e-06]
 [-2.23724207e-04  6.20859222e-04 -4.19539707e-05]
 [ 6.60442555e-06 -4.19539707e-05  1.81328844e-04]]
Iteration 84
Error: 1.760112905124435e-06
[[ 2.53679160e-03 -2.24243481e-04  6.53099522e-06]
 [-2.24243481e-04  6.20655730e-04 -4.20231636e-05]
 [ 6.53099522e-06 -4.20231636e-05  1.81341272e-04]]
Iteration 85
Error: 1.6889693933217028e-06
[[ 2.53700036e-03 -2.24743401e-04  6.46024673e-06]
 [-2.24743401e-04  6.20461570e-04 -4.20894957e-05]
 [ 6.46024673e-06 -4.20894957e-05  1.81353323e-04]]
Iteration 86
Error: 1.6207486248343916e-06
[[ 2.53719806e-03 -2.25224686e-04  6.39209052e-06]
 [-2.25224686e-04  6.20276275e-04 -4.21530896e-05]
 [ 6.39209052e-06 -4.21530896e-05  1.81365002e-04]]
Iteration 87
Error: 1.5553327846177552e-06
[[ 2.53738529e-03 -2.25688026e-04  6.32643931e-06]
 [-2.25688026e-04  6.20099408e-04 -4.22140627e-05]
 [ 6.32643931e-06 -4.22140627e-05  1.81376316e-04]]
Iteration 88
Error: 1.4926079922980532e-06
[[ 2.53756257e-03 -2.26134088e-04  6.26320816e-06]
 [-2.26134088e-04  6.19930553e-04 -4.22725269e-05]
 [ 6.26320816e-06 -4.22725269e-05  1.81387273e-04]]
Iteration 89
Error: 1.4324643136292496e-06
[[ 2.53773043e-03 -2.26563513e-04  6.20231436e-06]
 [-2.26563513e-04  6.19769317e-04 -4.23285893e-05]
 [ 6.20231436e-06 -4.23285893e-05  1.81397879e-04]]
Iteration 90
Error: 1.3747957453656955e-06
[[ 2.53788936e-03 -2.26976919e-04  6.14367755e-06]
 [-2.26976919e-04  6.19615331e-04 -4.23823521e-05]
 [ 6.14367755e-06 -4.23823521e-05  1.81408143e-04]]
Iteration 91
Error: 1.319500178079285e-06
[[ 2.53803984e-03 -2.27374902e-04  6.08721958e-06]
 [-2.27374902e-04  6.19468243e-04 -4.24339132e-05]
 [ 6.08721958e-06 -4.24339132e-05  1.81418073e-04]]
Iteration 92
Error: 1.2664793410706586e-06
[[ 2.53818231e-03 -2.27758036e-04  6.03286457e-06]
 [-2.27758036e-04  6.19327721e-04 -4.24833659e-05]
 [ 6.03286457e-06 -4.24833659e-05  1.81427678e-04]]
Iteration 93
Error: 1.2156387326178624e-06
[[ 2.53831720e-03 -2.28126873e-04  5.98053888e-06]
 [-2.28126873e-04  6.19193452e-04 -4.25307994e-05]
 [ 5.98053888e-06 -4.25307994e-05  1.81436964e-04]]
Iteration 94
Error: 1.166887538678787e-06
[[ 2.53844492e-03 -2.28481944e-04  5.93017102e-06]
 [-2.28481944e-04  6.19065136e-04 -4.25762992e-05]
 [ 5.93017102e-06 -4.25762992e-05  1.81445942e-04]]
Iteration 95
Error: 1.1201385424034942e-06
[[ 2.53856584e-03 -2.28823764e-04  5.88169170e-06]
 [-2.28823764e-04  6.18942493e-04 -4.26199468e-05]
 [ 5.88169170e-06 -4.26199468e-05  1.81454619e-04]]
Iteration 96
Error: 1.0753080268236428e-06
[[ 2.53868035e-03 -2.29152824e-04  5.83503374e-06]
 [-2.29152824e-04  6.18825255e-04 -4.26618201e-05]
 [ 5.83503374e-06 -4.26618201e-05  1.81463003e-04]]
Iteration 97
Error: 1.0323156722691112e-06
[[ 2.53878877e-03 -2.29469600e-04  5.79013203e-06]
 [-2.29469600e-04  6.18713167e-04 -4.27019938e-05]
 [ 5.79013203e-06 -4.27019938e-05  1.81471103e-04]]
Iteration 98
Error: 9.910844503185605e-07
[[ 2.53889145e-03 -2.29774550e-04  5.74692355e-06]
 [-2.29774550e-04  6.18605990e-04 -4.27405390e-05]
 [ 5.74692355e-06 -4.27405390e-05  1.81478927e-04]]
Iteration 99
Error: 9.515405155048196e-07
[[ 2.53898869e-03 -2.30068113e-04  5.70534724e-06]
 [-2.30068113e-04  6.18503495e-04 -4.27775240e-05]
 [ 5.70534724e-06 -4.27775240e-05  1.81486484e-04]]
Iteration 100
Error: 9.136130957811285e-07
[[ 2.53908078e-03 -2.30350715e-04  5.66534405e-06]
 [-2.30350715e-04  6.18405464e-04 -4.28130140e-05]
 [ 5.66534405e-06 -4.28130140e-05  1.81493780e-04]]
Iteration 101
Error: 8.772343828153194e-07
[[ 2.53916801e-03 -2.30622763e-04  5.62685681e-06]
 [-2.30622763e-04  6.18311692e-04 -4.28470712e-05]
 [ 5.62685681e-06 -4.28470712e-05  1.81500825e-04]]
Iteration 102
Error: 8.423394227497415e-07
[[ 2.53925065e-03 -2.30884650e-04  5.58983027e-06]
 [-2.30884650e-04  6.18221983e-04 -4.28797554e-05]
 [ 5.58983027e-06 -4.28797554e-05  1.81507625e-04]]
Iteration 103
Error: 8.088660081684337e-07
[[ 2.53932893e-03 -2.31136756e-04  5.55421097e-06]
 [-2.31136756e-04  6.18136151e-04 -4.29111235e-05]
 [ 5.55421097e-06 -4.29111235e-05  1.81514189e-04]]
Iteration 104
Error: 7.76754571628487e-07
[[ 2.53940310e-03 -2.31379445e-04  5.51994726e-06]
 [-2.31379445e-04  6.18054019e-04 -4.29412302e-05]
 [ 5.51994726e-06 -4.29412302e-05  1.81520524e-04]]
Iteration 105
Error: 7.459480813473675e-07
[[ 2.53947338e-03 -2.31613067e-04  5.48698923e-06]
 [-2.31613067e-04  6.17975419e-04 -4.29701276e-05]
 [ 5.48698923e-06 -4.29701276e-05  1.81526637e-04]]
Iteration 106
Error: 7.163919392101244e-07
[[ 2.53953998e-03 -2.31837960e-04  5.45528867e-06]
 [-2.31837960e-04  6.17900191e-04 -4.29978658e-05]
 [ 5.45528867e-06 -4.29978658e-05  1.81532535e-04]]
Iteration 107
Error: 6.880338814077155e-07
[[ 2.53960311e-03 -2.32054450e-04  5.42479899e-06]
 [-2.32054450e-04  6.17828183e-04 -4.30244925e-05]
 [ 5.42479899e-06 -4.30244925e-05  1.81538226e-04]]
Iteration 108
Error: 6.608238819409285e-07
[[ 2.53966294e-03 -2.32262849e-04  5.39547524e-06]
 [-2.32262849e-04  6.17759249e-04 -4.30500536e-05]
 [ 5.39547524e-06 -4.30500536e-05  1.81543715e-04]]
Iteration 109
Error: 6.34714059056583e-07
[[ 2.53971966e-03 -2.32463460e-04  5.36727400e-06]
 [-2.32463460e-04  6.17693253e-04 -4.30745928e-05]
 [ 5.36727400e-06 -4.30745928e-05  1.81549010e-04]]
Iteration 110
Error: 6.096585847396715e-07
[[ 2.53977344e-03 -2.32656572e-04  5.34015339e-06]
 [-2.32656572e-04  6.17630063e-04 -4.30981521e-05]
 [ 5.34015339e-06 -4.30981521e-05  1.81554117e-04]]
Iteration 111
Error: 5.856135973063761e-07
[[ 2.53982443e-03 -2.32842464e-04  5.31407298e-06]
 [-2.32842464e-04  6.17569553e-04 -4.31207716e-05]
 [ 5.31407298e-06 -4.31207716e-05  1.81559042e-04]]
Iteration 112
Error: 5.625371171577819e-07
[[ 2.53987279e-03 -2.33021407e-04  5.28899377e-06]
 [-2.33021407e-04  6.17511605e-04 -4.31424898e-05]
 [ 5.28899377e-06 -4.31424898e-05  1.81563791e-04]]
Iteration 113
Error: 5.403889656127704e-07
[[ 2.53991866e-03 -2.33193659e-04  5.26487815e-06]
 [-2.33193659e-04  6.17456105e-04 -4.31633435e-05]
 [ 5.26487815e-06 -4.31633435e-05  1.81568371e-04]]
Iteration 114
Error: 5.191306869130833e-07
[[ 2.53996217e-03 -2.33359469e-04  5.24168983e-06]
 [-2.33359469e-04  6.17402946e-04 -4.31833679e-05]
 [ 5.24168983e-06 -4.31833679e-05  1.81572786e-04]]
Iteration 115
Error: 4.987254732436782e-07
[[ 2.54000345e-03 -2.33519077e-04  5.21939385e-06]
 [-2.33519077e-04  6.17352023e-04 -4.32025969e-05]
 [ 5.21939385e-06 -4.32025969e-05  1.81577043e-04]]
Iteration 116
Error: 4.791380927662869e-07
[[ 2.54004262e-03 -2.33672715e-04  5.19795648e-06]
 [-2.33672715e-04  6.17303240e-04 -4.32210627e-05]
 [ 5.19795648e-06 -4.32210627e-05  1.81581147e-04]]
Iteration 117
Error: 4.603348206830052e-07
[[ 2.54007979e-03 -2.33820605e-04  5.17734523e-06]
 [-2.33820605e-04  6.17256501e-04 -4.32387964e-05]
 [ 5.17734523e-06 -4.32387964e-05  1.81585103e-04]]
Iteration 118
Error: 4.422833730523726e-07
[[ 2.54011507e-03 -2.33962961e-04  5.15752876e-06]
 [-2.33962961e-04  6.17211718e-04 -4.32558276e-05]
 [ 5.15752876e-06 -4.32558276e-05  1.81588916e-04]]
Iteration 119
Error: 4.249528435021621e-07
[[ 2.54014856e-03 -2.34099990e-04  5.13847689e-06]
 [-2.34099990e-04  6.17168806e-04 -4.32721848e-05]
 [ 5.13847689e-06 -4.32721848e-05  1.81592591e-04]]
Iteration 120
Error: 4.083136426087263e-07
[[ 2.54018035e-03 -2.34231890e-04  5.12016055e-06]
 [-2.34231890e-04  6.17127684e-04 -4.32878952e-05]
 [ 5.12016055e-06 -4.32878952e-05  1.81596133e-04]]
Iteration 121
Error: 3.923374399028588e-07
[[ 2.54021054e-03 -2.34358853e-04  5.10255171e-06]
 [-2.34358853e-04  6.17088273e-04 -4.33029849e-05]
 [ 5.10255171e-06 -4.33029849e-05  1.81599546e-04]]
Iteration 122
Error: 3.7699710840919573e-07
[[ 2.54023922e-03 -2.34481062e-04  5.08562340e-06]
 [-2.34481062e-04  6.17050500e-04 -4.33174790e-05]
 [ 5.08562340e-06 -4.33174790e-05  1.81602836e-04]]
Iteration 123
Error: 3.622666716395698e-07
[[ 2.54026645e-03 -2.34598695e-04  5.06934962e-06]
 [-2.34598695e-04  6.17014294e-04 -4.33314014e-05]
 [ 5.06934962e-06 -4.33314014e-05  1.81606005e-04]]
Iteration 124
Error: 3.481212529191287e-07
[[ 2.54029232e-03 -2.34711923e-04  5.05370534e-06]
 [-2.34711923e-04  6.16979587e-04 -4.33447752e-05]
 [ 5.05370534e-06 -4.33447752e-05  1.81609060e-04]]
Iteration 125
Error: 3.345370269683681e-07
[[ 2.54031689e-03 -2.34820909e-04  5.03866647e-06]
 [-2.34820909e-04  6.16946316e-04 -4.33576223e-05]
 [ 5.03866647e-06 -4.33576223e-05  1.81612002e-04]]
Iteration 126
Error: 3.2149117366352524e-07
[[ 2.54034025e-03 -2.34925813e-04  5.02420980e-06]
 [-2.34925813e-04  6.16914419e-04 -4.33699640e-05]
 [ 5.02420980e-06 -4.33699640e-05  1.81614838e-04]]
Iteration 127
Error: 3.089618338688778e-07
[[ 2.54036244e-03 -2.35026786e-04  5.01031300e-06]
 [-2.35026786e-04  6.16883836e-04 -4.33818204e-05]
 [ 5.01031300e-06 -4.33818204e-05  1.81617569e-04]]
Iteration 128
Error: 2.9692806726434874e-07
[[ 2.54038354e-03 -2.35123975e-04  4.99695457e-06]
 [-2.35123975e-04  6.16854513e-04 -4.33932109e-05]
 [ 4.99695457e-06 -4.33932109e-05  1.81620201e-04]]
Iteration 129
Error: 2.8536981206340807e-07
[[ 2.54040360e-03 -2.35217522e-04  4.98411381e-06]
 [-2.35217522e-04  6.16826394e-04 -4.34041543e-05]
 [ 4.98411381e-06 -4.34041543e-05  1.81622736e-04]]
Iteration 130
Error: 2.742678465642312e-07
[[ 2.54042266e-03 -2.35307561e-04  4.97177080e-06]
 [-2.35307561e-04  6.16799430e-04 -4.34146684e-05]
 [ 4.97177080e-06 -4.34146684e-05  1.81625178e-04]]
Iteration 131
Error: 2.6360375246267095e-07
[[ 2.54044080e-03 -2.35394225e-04  4.95990638e-06]
 [-2.35394225e-04  6.16773571e-04 -4.34247702e-05]
 [ 4.95990638e-06 -4.34247702e-05  1.81627530e-04]]
Iteration 132
Error: 2.5335987978406687e-07
[[ 2.54045804e-03 -2.35477639e-04  4.94850210e-06]
 [-2.35477639e-04  6.16748771e-04 -4.34344763e-05]
 [ 4.94850210e-06 -4.34344763e-05  1.81629796e-04]]
Iteration 133
Error: 2.435193134468399e-07
[[ 2.54047444e-03 -2.35557925e-04  4.93754022e-06]
 [-2.35557925e-04  6.16724984e-04 -4.34438023e-05]
 [ 4.93754022e-06 -4.34438023e-05  1.81631978e-04]]
Iteration 134
Error: 2.3406584133099346e-07
[[ 2.54049005e-03 -2.35635199e-04  4.92700366e-06]
 [-2.35635199e-04  6.16702168e-04 -4.34527634e-05]
 [ 4.92700366e-06 -4.34527634e-05  1.81634080e-04]]
Iteration 135
Error: 2.2498392378625726e-07
[[ 2.54050490e-03 -2.35709574e-04  4.91687599e-06]
 [-2.35709574e-04  6.16680282e-04 -4.34613741e-05]
 [ 4.91687599e-06 -4.34613741e-05  1.81636105e-04]]
Iteration 136
Error: 2.1625866453478434e-07
[[ 2.54051902e-03 -2.35781158e-04  4.90714141e-06]
 [-2.35781158e-04  6.16659288e-04 -4.34696483e-05]
 [ 4.90714141e-06 -4.34696483e-05  1.81638054e-04]]
Iteration 137
Error: 2.078757828817924e-07
[[ 2.54053247e-03 -2.35850055e-04  4.89778472e-06]
 [-2.35850055e-04  6.16639147e-04 -4.34775993e-05]
 [ 4.89778472e-06 -4.34775993e-05  1.81639932e-04]]
Iteration 138
Error: 1.9982158719498935e-07
[[ 2.54054527e-03 -2.35916367e-04  4.88879130e-06]
 [-2.35916367e-04  6.16619824e-04 -4.34852399e-05]
 [ 4.88879130e-06 -4.34852399e-05  1.81641740e-04]]
Iteration 139
Error: 1.9208294957588257e-07
[[ 2.54055746e-03 -2.35980188e-04  4.88014708e-06]
 [-2.35980188e-04  6.16601285e-04 -4.34925825e-05]
 [ 4.88014708e-06 -4.34925825e-05  1.81643481e-04]]
Iteration 140
Error: 1.8464728166958864e-07
[[ 2.54056906e-03 -2.36041613e-04  4.87183855e-06]
 [-2.36041613e-04  6.16583497e-04 -4.34996388e-05]
 [ 4.87183855e-06 -4.34996388e-05  1.81645158e-04]]
Iteration 141
Error: 1.7750251158208432e-07
[[ 2.54058011e-03 -2.36100732e-04  4.86385268e-06]
 [-2.36100732e-04  6.16566428e-04 -4.35064201e-05]
 [ 4.86385268e-06 -4.35064201e-05  1.81646772e-04]]
Iteration 142
Error: 1.7063706180986872e-07
[[ 2.54059063e-03 -2.36157629e-04  4.85617698e-06]
 [-2.36157629e-04  6.16550050e-04 -4.35129373e-05]
 [ 4.85617698e-06 -4.35129373e-05  1.81648326e-04]]
Iteration 143
Error: 1.640398281710944e-07
[[ 2.54060066e-03 -2.36212390e-04  4.84879941e-06]
 [-2.36212390e-04  6.16534333e-04 -4.35192008e-05]
 [ 4.84879941e-06 -4.35192008e-05  1.81649823e-04]]
Iteration 144
Error: 1.5770015970301578e-07
[[ 2.54061021e-03 -2.36265092e-04  4.84170841e-06]
 [-2.36265092e-04  6.16519250e-04 -4.35252205e-05]
 [ 4.84170841e-06 -4.35252205e-05  1.81651264e-04]]
Iteration 145
Error: 1.5160783941661455e-07
[[ 2.54061930e-03 -2.36315814e-04  4.83489285e-06]
 [-2.36315814e-04  6.16504775e-04 -4.35310062e-05]
 [ 4.83489285e-06 -4.35310062e-05  1.81652652e-04]]
Iteration 146
Error: 1.4575306593271694e-07
[[ 2.54062797e-03 -2.36364630e-04  4.82834204e-06]
 [-2.36364630e-04  6.16490882e-04 -4.35365670e-05]
 [ 4.82834204e-06 -4.35365670e-05  1.81653988e-04]]
Iteration 147
Error: 1.4012643594457134e-07
[[ 2.54063624e-03 -2.36411610e-04  4.82204569e-06]
 [-2.36411610e-04  6.16477548e-04 -4.35419117e-05]
 [ 4.82204569e-06 -4.35419117e-05  1.81655274e-04]]
Iteration 148
Error: 1.3471892743417162e-07
[[ 2.54064411e-03 -2.36456824e-04  4.81599393e-06]
 [-2.36456824e-04  6.16464749e-04 -4.35470488e-05]
 [ 4.81599393e-06 -4.35470488e-05  1.81656512e-04]]
Iteration 149
Error: 1.295218836296564e-07
[[ 2.54065162e-03 -2.36500337e-04  4.81017725e-06]
 [-2.36500337e-04  6.16452464e-04 -4.35519866e-05]
 [ 4.81017725e-06 -4.35519866e-05  1.81657704e-04]]
Iteration 150
Error: 1.2452699773009478e-07
[[ 2.54065878e-03 -2.36542214e-04  4.80458651e-06]
 [-2.36542214e-04  6.16440671e-04 -4.35567327e-05]
 [ 4.80458651e-06 -4.35567327e-05  1.81658852e-04]]
Iteration 151
Error: 1.1972629819402157e-07
[[ 2.54066561e-03 -2.36582515e-04  4.79921293e-06]
 [-2.36582515e-04  6.16429351e-04 -4.35612948e-05]
 [ 4.79921293e-06 -4.35612948e-05  1.81659957e-04]]
Iteration 152
Error: 1.1511213478108819e-07
[[ 2.54067212e-03 -2.36621301e-04  4.79404807e-06]
 [-2.36621301e-04  6.16418483e-04 -4.35656800e-05]
 [ 4.79404807e-06 -4.35656800e-05  1.81661020e-04]]
Iteration 153
Error: 1.1067716516460531e-07
[[ 2.54067833e-03 -2.36658626e-04  4.78908380e-06]
 [-2.36658626e-04  6.16408050e-04 -4.35698953e-05]
 [ 4.78908380e-06 -4.35698953e-05  1.81662044e-04]]
Iteration 154
Error: 1.0641434207530894e-07
[[ 2.54068425e-03 -2.36694547e-04  4.78431233e-06]
 [-2.36694547e-04  6.16398033e-04 -4.35739473e-05]
 [ 4.78431233e-06 -4.35739473e-05  1.81663030e-04]]
Iteration 155
Error: 1.0231690112905485e-07
[[ 2.54068990e-03 -2.36729116e-04  4.77972616e-06]
 [-2.36729116e-04  6.16388416e-04 -4.35778424e-05]
 [ 4.77972616e-06 -4.35778424e-05  1.81663978e-04]]
Iteration 156
Error: 9.83783490349832e-08
[[ 2.54069530e-03 -2.36762383e-04  4.77531808e-06]
 [-2.36762383e-04  6.16379183e-04 -4.35815867e-05]
 [ 4.77531808e-06 -4.35815867e-05  1.81664891e-04]]
Iteration 157
Error: 9.459245243290674e-08
[[ 2.54070044e-03 -2.36794398e-04  4.77108115e-06]
 [-2.36794398e-04  6.16370317e-04 -4.35851862e-05]
 [ 4.77108115e-06 -4.35851862e-05  1.81665770e-04]]
Iteration 158
Error: 9.095322716950771e-08
[[ 2.54070535e-03 -2.36825206e-04  4.76700872e-06]
 [-2.36825206e-04  6.16361804e-04 -4.35886464e-05]
 [ 4.76700872e-06 -4.35886464e-05  1.81666616e-04]]
Iteration 159
Error: 8.745492801749249e-08
[[ 2.54071004e-03 -2.36854855e-04  4.76309439e-06]
 [-2.36854855e-04  6.16353629e-04 -4.35919729e-05]
 [ 4.76309439e-06 -4.35919729e-05  1.81667431e-04]]
Iteration 160
Error: 8.409203887119021e-08
[[ 2.54071452e-03 -2.36883386e-04  4.75933201e-06]
 [-2.36883386e-04  6.16345780e-04 -4.35951707e-05]
 [ 4.75933201e-06 -4.35951707e-05  1.81668214e-04]]
Iteration 161
Error: 8.085926332688746e-08
[[ 2.54071879e-03 -2.36910843e-04  4.75571566e-06]
 [-2.36910843e-04  6.16338242e-04 -4.35982450e-05]
 [ 4.75571566e-06 -4.35982450e-05  1.81668969e-04]]
Iteration 162
Error: 7.775151572240042e-08
[[ 2.54072287e-03 -2.36937265e-04  4.75223965e-06]
 [-2.36937265e-04  6.16331002e-04 -4.36012006e-05]
 [ 4.75223965e-06 -4.36012006e-05  1.81669695e-04]]
Iteration 163
Error: 7.476391248209057e-08
[[ 2.54072676e-03 -2.36962691e-04  4.74889853e-06]
 [-2.36962691e-04  6.16324050e-04 -4.36040420e-05]
 [ 4.74889853e-06 -4.36040420e-05  1.81670394e-04]]
Iteration 164
Error: 7.189176390795831e-08
[[ 2.54073048e-03 -2.36987158e-04  4.74568705e-06]
 [-2.36987158e-04  6.16317373e-04 -4.36067738e-05]
 [ 4.74568705e-06 -4.36067738e-05  1.81671066e-04]]
Iteration 165
Error: 6.913056625974268e-08
[[ 2.54073404e-03 -2.37010703e-04  4.74260016e-06]
 [-2.37010703e-04  6.16310961e-04 -4.36094001e-05]
 [ 4.74260016e-06 -4.36094001e-05  1.81671713e-04]]
Iteration 166
Error: 6.64759941894822e-08
[[ 2.54073743e-03 -2.37033361e-04  4.73963300e-06]
 [-2.37033361e-04  6.16304802e-04 -4.36119252e-05]
 [ 4.73963300e-06 -4.36119252e-05  1.81672336e-04]]
Iteration 167
Error: 6.392389352048448e-08
[[ 2.54074068e-03 -2.37055164e-04  4.73678094e-06]
 [-2.37055164e-04  6.16298886e-04 -4.36143528e-05]
 [ 4.73678094e-06 -4.36143528e-05  1.81672936e-04]]
Iteration 168
Error: 6.147027430980455e-08
[[ 2.54074378e-03 -2.37076144e-04  4.73403947e-06]
 [-2.37076144e-04  6.16293204e-04 -4.36166869e-05]
 [ 4.73403947e-06 -4.36166869e-05  1.81673513e-04]]
Iteration 169
Error: 5.911130415943735e-08
[[ 2.54074674e-03 -2.37096333e-04  4.73140430e-06]
 [-2.37096333e-04  6.16287747e-04 -4.36189309e-05]
 [ 4.73140430e-06 -4.36189309e-05  1.81674068e-04]]
Iteration 170
Error: 5.684330190301196e-08
[[ 2.54074957e-03 -2.37115761e-04  4.72887130e-06]
 [-2.37115761e-04  6.16282504e-04 -4.36210886e-05]
 [ 4.72887130e-06 -4.36210886e-05  1.81674603e-04]]
Iteration 171
Error: 5.466273148748281e-08
[[ 2.54075227e-03 -2.37134455e-04  4.72643648e-06]
 [-2.37134455e-04  6.16277469e-04 -4.36231630e-05]
 [ 4.72643648e-06 -4.36231630e-05  1.81675117e-04]]
Iteration 172
Error: 5.256619611253417e-08
[[ 2.54075486e-03 -2.37152444e-04  4.72409603e-06]
 [-2.37152444e-04  6.16272631e-04 -4.36251576e-05]
 [ 4.72409603e-06 -4.36251576e-05  1.81675612e-04]]
Iteration 173
Error: 5.055043264146712e-08
[[ 2.54075733e-03 -2.37169754e-04  4.72184628e-06]
 [-2.37169754e-04  6.16267984e-04 -4.36270754e-05]
 [ 4.72184628e-06 -4.36270754e-05  1.81676088e-04]]
Iteration 174
Error: 4.8612306240644823e-08
[[ 2.54075969e-03 -2.37186411e-04  4.71968369e-06]
 [-2.37186411e-04  6.16263520e-04 -4.36289194e-05]
 [ 4.71968369e-06 -4.36289194e-05  1.81676546e-04]]
Iteration 175
Error: 4.6748805204393945e-08
[[ 2.54076195e-03 -2.37202439e-04  4.71760489e-06]
 [-2.37202439e-04  6.16259231e-04 -4.36306924e-05]
 [ 4.71760489e-06 -4.36306924e-05  1.81676988e-04]]
Iteration 176
Error: 4.4957036057067146e-08
[[ 2.54076412e-03 -2.37217861e-04  4.71560660e-06]
 [-2.37217861e-04  6.16255111e-04 -4.36323972e-05]
 [ 4.71560660e-06 -4.36323972e-05  1.81677412e-04]]
Iteration 177
Error: 4.3234218802340205e-08
[[ 2.54076618e-03 -2.37232701e-04  4.71368570e-06]
 [-2.37232701e-04  6.16251152e-04 -4.36340365e-05]
 [ 4.71368570e-06 -4.36340365e-05  1.81677820e-04]]
Iteration 178
Error: 4.157768238319166e-08
[[ 2.54076816e-03 -2.37246981e-04  4.71183918e-06]
 [-2.37246981e-04  6.16247349e-04 -4.36356126e-05]
 [ 4.71183918e-06 -4.36356126e-05  1.81678213e-04]]
Iteration 179
Error: 3.99848603548011e-08
[[ 2.54077005e-03 -2.37260721e-04  4.71006415e-06]
 [-2.37260721e-04  6.16243695e-04 -4.36371282e-05]
 [ 4.71006415e-06 -4.36371282e-05  1.81678592e-04]]
Iteration 180
Error: 3.845328669720117e-08
[[ 2.54077186e-03 -2.37273943e-04  4.70835782e-06]
 [-2.37273943e-04  6.16240185e-04 -4.36385855e-05]
 [ 4.70835782e-06 -4.36385855e-05  1.81678955e-04]]
Iteration 181
Error: 3.698059183127668e-08
[[ 2.54077359e-03 -2.37286664e-04  4.70671754e-06]
 [-2.37286664e-04  6.16236811e-04 -4.36399869e-05]
 [ 4.70671754e-06 -4.36399869e-05  1.81679306e-04]]
Iteration 182
Error: 3.556449875971136e-08
[[ 2.54077524e-03 -2.37298905e-04  4.70514072e-06]
 [-2.37298905e-04  6.16233570e-04 -4.36413343e-05]
 [ 4.70514072e-06 -4.36413343e-05  1.81679643e-04]]
Iteration 183
Error: 3.420281942653507e-08
[[ 2.54077683e-03 -2.37310684e-04  4.70362491e-06]
 [-2.37310684e-04  6.16230456e-04 -4.36426300e-05]
 [ 4.70362491e-06 -4.36426300e-05  1.81679967e-04]]
Iteration 184
Error: 3.289345115036126e-08
[[ 2.54077835e-03 -2.37322017e-04  4.70216774e-06]
 [-2.37322017e-04  6.16227464e-04 -4.36438760e-05]
 [ 4.70216774e-06 -4.36438760e-05  1.81680279e-04]]
Iteration 185
Error: 3.1634373270453286e-08
[[ 2.54077980e-03 -2.37332922e-04  4.70076692e-06]
 [-2.37332922e-04  6.16224588e-04 -4.36450741e-05]
 [ 4.70076692e-06 -4.36450741e-05  1.81680579e-04]]
Iteration 186
Error: 3.042364387627428e-08
[[ 2.54078119e-03 -2.37343415e-04  4.69942027e-06]
 [-2.37343415e-04  6.16221825e-04 -4.36462262e-05]
 [ 4.69942027e-06 -4.36462262e-05  1.81680868e-04]]
Iteration 187
Error: 2.9259396694876572e-08
[[ 2.54078251e-03 -2.37353511e-04  4.69812568e-06]
 [-2.37353511e-04  6.16219170e-04 -4.36473340e-05]
 [ 4.69812568e-06 -4.36473340e-05  1.81681146e-04]]
Iteration 188
Error: 2.813983813522932e-08
[[ 2.54078379e-03 -2.37363225e-04  4.69688114e-06]
 [-2.37363225e-04  6.16216619e-04 -4.36483994e-05]
 [ 4.69688114e-06 -4.36483994e-05  1.81681413e-04]]
Iteration 189
Error: 2.7063244362290597e-08
[[ 2.54078501e-03 -2.37372572e-04  4.69568470e-06]
 [-2.37372572e-04  6.16214167e-04 -4.36494238e-05]
 [ 4.69568470e-06 -4.36494238e-05  1.81681671e-04]]
Iteration 190
Error: 2.602795859741343e-08
[[ 2.54078617e-03 -2.37381565e-04  4.69453450e-06]
 [-2.37381565e-04  6.16211811e-04 -4.36504090e-05]
 [ 4.69453450e-06 -4.36504090e-05  1.81681918e-04]]
Iteration 191
Error: 2.5032388450425797e-08
[[ 2.54078729e-03 -2.37390219e-04  4.69342873e-06]
 [-2.37390219e-04  6.16209546e-04 -4.36513564e-05]
 [ 4.69342873e-06 -4.36513564e-05  1.81682157e-04]]
Iteration 192
Error: 2.4075003382912645e-08
[[ 2.54078836e-03 -2.37398544e-04  4.69236567e-06]
 [-2.37398544e-04  6.16207370e-04 -4.36522674e-05]
 [ 4.69236567e-06 -4.36522674e-05  1.81682386e-04]]
Iteration 193
Error: 2.3154332279279452e-08
[[ 2.54078938e-03 -2.37406555e-04  4.69134368e-06]
 [-2.37406555e-04  6.16205279e-04 -4.36531435e-05]
 [ 4.69134368e-06 -4.36531435e-05  1.81682606e-04]]
Iteration 194
Error: 2.2268961128153693e-08
[[ 2.54079036e-03 -2.37414263e-04  4.69036115e-06]
 [-2.37414263e-04  6.16203269e-04 -4.36539860e-05]
 [ 4.69036115e-06 -4.36539860e-05  1.81682819e-04]]
Iteration 195
Error: 2.141753074735091e-08
[[ 2.54079130e-03 -2.37421679e-04  4.68941656e-06]
 [-2.37421679e-04  6.16201337e-04 -4.36547963e-05]
 [ 4.68941656e-06 -4.36547963e-05  1.81683023e-04]]
Iteration 196
Error: 2.059873465923317e-08
[[ 2.54079220e-03 -2.37428815e-04  4.68850842e-06]
 [-2.37428815e-04  6.16199480e-04 -4.36555754e-05]
 [ 4.68850842e-06 -4.36555754e-05  1.81683219e-04]]
Iteration 197
Error: 1.9811317012742423e-08
[[ 2.54079307e-03 -2.37435680e-04  4.68763534e-06]
 [-2.37435680e-04  6.16197696e-04 -4.36563247e-05]
 [ 4.68763534e-06 -4.36563247e-05  1.81683408e-04]]
Iteration 198
Error: 1.9054070606830493e-08
[[ 2.54079389e-03 -2.37442286e-04  4.68679596e-06]
 [-2.37442286e-04  6.16195981e-04 -4.36570453e-05]
 [ 4.68679596e-06 -4.36570453e-05  1.81683590e-04]]
Iteration 199
Error: 1.8325834965554676e-08
[[ 2.54079468e-03 -2.37448641e-04  4.68598895e-06]
 [-2.37448641e-04  6.16194332e-04 -4.36577383e-05]
 [ 4.68598895e-06 -4.36577383e-05  1.81683765e-04]]
Iteration 200
Error: 1.7625494550252077e-08
[[ 2.54079544e-03 -2.37454756e-04  4.68521308e-06]
 [-2.37454756e-04  6.16192748e-04 -4.36584047e-05]
 [ 4.68521308e-06 -4.36584047e-05  1.81683933e-04]]
Iteration 201
Error: 1.6951976950626212e-08
[[ 2.54079617e-03 -2.37460639e-04  4.68446714e-06]
 [-2.37460639e-04  6.16191225e-04 -4.36590456e-05]
 [ 4.68446714e-06 -4.36590456e-05  1.81684095e-04]]
Iteration 202
Error: 1.630425124813197e-08
[[ 2.54079687e-03 -2.37466300e-04  4.68374996e-06]
 [-2.37466300e-04  6.16189761e-04 -4.36596620e-05]
 [ 4.68374996e-06 -4.36596620e-05  1.81684251e-04]]
Iteration 203
Error: 1.5681326359397705e-08
