DONKEY Clustering
Number of datapoints: 639
Number of features:   3
Periodic features:    []

1. Covariance Optimisation
Convergence threshold: 1e-08

Initial guess
[[1. 0. 0.]
 [0. 1. 0.]
 [0. 0. 1.]]
Iteration 1
Error: 2.9419124398009777
[[ 5.08990533e-02  1.09009461e-05 -2.71881227e-06]
 [ 1.09009461e-05  5.19934290e-03  9.24909795e-07]
 [-2.71881227e-06  9.24909795e-07  2.01825332e-03]]
Iteration 2
Error: 0.02619630779260125
[[ 2.80492733e-02  4.07264610e-05 -7.48015959e-07]
 [ 4.07264610e-05  2.82983073e-03  7.07413942e-06]
 [-7.48015959e-07  7.07413942e-06  1.11712880e-03]]
Iteration 3
Error: 0.009821629719234292
[[1.93921332e-02 3.27488545e-05 9.98197039e-06]
 [3.27488545e-05 2.01818595e-03 1.09227696e-05]
 [9.98197039e-06 1.09227696e-05 8.09396383e-04]]
Iteration 4
Error: 0.0052545775274841005
[[1.47531837e-02 2.26939943e-05 1.91494723e-05]
 [2.26939943e-05 1.60215767e-03 1.27167932e-05]
 [1.91494723e-05 1.27167932e-05 6.51829455e-04]]
Iteration 5
Error: 0.003261902446939696
[[1.18743110e-02 1.36691523e-05 2.62851148e-05]
 [1.36691523e-05 1.34832856e-03 1.29901886e-05]
 [2.62851148e-05 1.29901886e-05 5.55496597e-04]]
Iteration 6
Error: 0.002205179798384792
[[9.93327088e-03 5.68371072e-06 3.18456016e-05]
 [5.68371072e-06 1.17781426e-03 1.22547806e-05]
 [3.18456016e-05 1.22547806e-05 4.90433838e-04]]
Iteration 7
Error: 0.00157697972310295
[[ 8.55073009e-03 -1.48433589e-06  3.63023619e-05]
 [-1.48433589e-06  1.05621041e-03  1.08580727e-05]
 [ 3.63023619e-05  1.08580727e-05  4.43641781e-04]]
Iteration 8
Error: 0.0011742945475105365
[[ 7.52590670e-03 -8.00433581e-06  4.00076721e-05]
 [-8.00433581e-06  9.65961921e-04  9.02642615e-06]
 [ 4.00076721e-05  9.02642615e-06  4.08533031e-04]]
Iteration 9
Error: 0.0009019974311711119
[[ 6.74252856e-03 -1.39986101e-05  4.32009942e-05]
 [-1.39986101e-05  8.97093988e-04  6.90966599e-06]
 [ 4.32009942e-05  6.90966599e-06  3.81390390e-04]]
Iteration 10
Error: 0.0007102042665369749
[[ 6.12878442e-03 -1.95597567e-05  4.60377415e-05]
 [-1.95597567e-05  8.43477549e-04  4.60970357e-06]
 [ 4.60377415e-05  4.60970357e-06  3.59942410e-04]]
Iteration 11
Error: 0.0005706650338071261
[[ 5.63808860e-03 -2.47593775e-05  4.86159078e-05]
 [-2.47593775e-05  8.01116402e-04  2.19798245e-06]
 [ 4.86159078e-05  2.19798245e-06  3.42713360e-04]]
Iteration 12
Error: 0.0004664159401458188
[[ 5.23901497e-03 -2.96527223e-05  5.09962336e-05]
 [-2.96527223e-05  7.67281348e-04 -2.73827267e-07]
 [ 5.09962336e-05 -2.73827267e-07  3.28697070e-04]]
Iteration 13
Error: 0.0003867845198007554
[[ 4.90967540e-03 -3.42819507e-05  5.32161855e-05]
 [-3.42819507e-05  7.40038077e-04 -2.76721472e-06]
 [ 5.32161855e-05 -2.76721472e-06  3.17180528e-04]]
Iteration 14
Error: 0.00032479529760529117
[[ 4.63441313e-03 -3.86788182e-05  5.52991003e-05]
 [-3.86788182e-05  7.17973681e-04 -5.25271151e-06]
 [ 5.52991003e-05 -5.25271151e-06  3.07642452e-04]]
Iteration 15
Error: 0.0002757415834646002
[[ 4.40177269e-03 -4.28669523e-05  5.72599193e-05]
 [-4.28669523e-05  7.00030192e-04 -7.70731050e-06]
 [ 5.72599193e-05 -7.70731050e-06  2.99691899e-04]]
Iteration 16
Error: 0.00023636066897848098
[[ 4.20320782e-03 -4.68637557e-05  5.91086770e-05]
 [-4.68637557e-05  6.85398976e-04 -1.01128267e-05]
 [ 5.91086770e-05 -1.01128267e-05  2.93029473e-04]]
Iteration 17
Error: 0.00020433784974638179
[[ 4.03223346e-03 -5.06819644e-05  6.08525785e-05]
 [-5.06819644e-05  6.73451333e-04 -1.24548335e-05]
 [ 6.08525785e-05 -1.24548335e-05  2.87421864e-04]]
Iteration 18
Error: 0.0001779976642010254
[[ 3.88385429e-03 -5.43309035e-05  6.24972201e-05]
 [-5.43309035e-05  6.63691481e-04 -1.47219490e-05]
 [ 6.24972201e-05 -1.47219490e-05  2.82684611e-04]]
Iteration 19
Error: 0.00015610582373474588
[[ 3.75417072e-03 -5.78174807e-05  6.40472996e-05]
 [-5.78174807e-05  6.55723833e-04 -1.69053352e-05]
 [ 6.40472996e-05 -1.69053352e-05  2.78670090e-04]]
Iteration 20
Error: 0.00013773877684013642
[[ 3.64010165e-03 -6.11469623e-05  6.55070265e-05]
 [-6.11469623e-05  6.49229674e-04 -1.89983249e-05]
 [ 6.55070265e-05 -1.89983249e-05  2.75258941e-04]]
Iteration 21
Error: 0.00012219580873717965
[[ 3.53918593e-03 -6.43235654e-05  6.68803564e-05]
 [-6.43235654e-05  6.43950184e-04 -2.09961291e-05]
 [ 6.68803564e-05 -2.09961291e-05  2.72353814e-04]]
Iteration 22
Error: 0.00010893858250742566
[[ 3.44943792e-03 -6.73509020e-05  6.81711217e-05]
 [-6.73509020e-05  6.39673825e-04 -2.28955918e-05]
 [ 6.81711217e-05 -2.28955918e-05  2.69874728e-04]]
Iteration 23
Error: 9.754878976281364e-05
[[ 3.36924084e-03 -7.02323007e-05  6.93830997e-05]
 [-7.02323007e-05  6.36226814e-04 -2.46949772e-05]
 [ 6.93830997e-05 -2.46949772e-05  2.67755558e-04]]
Iteration 24
Error: 8.769799733616748e-05
[[ 3.29726702e-03 -7.29710310e-05  7.05200442e-05]
 [-7.29710310e-05  6.33465805e-04 -2.63937776e-05]
 [ 7.05200442e-05 -2.63937776e-05  2.65941338e-04]]
Iteration 25
Error: 7.912585900928494e-05
[[ 3.23241760e-03 -7.55704512e-05  7.15856940e-05]
 [-7.55704512e-05  6.31272192e-04 -2.79925382e-05]
 [ 7.15856940e-05 -2.79925382e-05  2.64386170e-04]]
Iteration 26
Error: 7.16241604599745e-05
[[ 3.17377637e-03 -7.80340962e-05  7.25837677e-05]
 [-7.80340962e-05  6.29547607e-04 -2.94926955e-05]
 [ 7.25837677e-05 -2.94926955e-05  2.63051575e-04]]
Iteration 27
Error: 6.502499360058563e-05
[[ 3.12057413e-03 -8.03657208e-05  7.35179505e-05]
 [-8.03657208e-05  6.28210329e-04 -3.08964282e-05]
 [ 7.35179505e-05 -3.08964282e-05  2.61905181e-04]]
Iteration 28
Error: 5.919189454890099e-05
[[ 3.07216089e-03 -8.25693102e-05  7.43918774e-05]
 [-8.25693102e-05  6.27192396e-04 -3.22065200e-05]
 [ 7.43918774e-05 -3.22065200e-05  2.60919673e-04]]
Iteration 29
Error: 5.401313539467347e-05
[[ 3.02798406e-03 -8.46490676e-05  7.52091147e-05]
 [-8.46490676e-05  6.26437247e-04 -3.34262358e-05]
 [ 7.52091147e-05 -3.34262358e-05  2.60071938e-04]]
Iteration 30
Error: 4.939659925260187e-05
[[ 2.98757111e-03 -8.66093862e-05  7.59731416e-05]
 [-8.66093862e-05  6.25897799e-04 -3.45592088e-05]
 [ 7.59731416e-05 -3.45592088e-05  2.59342375e-04]]
Iteration 31
Error: 4.5265831481166343e-05
[[ 2.95051577e-03 -8.84548126e-05  7.66873332e-05]
 [-8.84548126e-05  6.25534862e-04 -3.56093414e-05]
 [ 7.66873332e-05 -3.56093414e-05  2.58714323e-04]]
Iteration 32
Error: 4.155697306859218e-05
[[ 2.91646693e-03 -9.01900055e-05  7.73549462e-05]
 [-9.01900055e-05  6.25315826e-04 -3.65807168e-05]
 [ 7.73549462e-05 -3.65807168e-05  2.58173590e-04]]
Iteration 33
Error: 3.821636154355722e-05
[[ 2.88511965e-03 -9.18196933e-05  7.79791060e-05]
 [-9.18196933e-05  6.25213575e-04 -3.74775236e-05]
 [ 7.79791060e-05 -3.74775236e-05  2.57708067e-04]]
Iteration 34
Error: 3.519864112362145e-05
[[ 2.85620786e-03 -9.33486330e-05  7.85627979e-05]
 [-9.33486330e-05  6.25205581e-04 -3.83039902e-05]
 [ 7.85627979e-05 -3.83039902e-05  2.57307403e-04]]
Iteration 35
Error: 3.260039095179719e-05
[[ 2.82949839e-03 -9.47815723e-05  7.91088597e-05]
 [-9.47815723e-05  6.25273144e-04 -3.90643306e-05]
 [ 7.91088597e-05 -3.90643306e-05  2.56962734e-04]]
Iteration 36
Error: 3.0238539100014376e-05
[[ 2.80478601e-03 -9.61232151e-05  7.96199774e-05]
 [-9.61232151e-05  6.25400766e-04 -3.97626993e-05]
 [ 7.96199774e-05 -3.97626993e-05  2.56666457e-04]]
Iteration 37
Error: 2.8074157640248405e-05
[[ 2.78188939e-03 -9.73781922e-05  8.00986835e-05]
 [-9.73781922e-05  6.25575617e-04 -4.04031543e-05]
 [ 8.00986835e-05 -4.04031543e-05  2.56412041e-04]]
Iteration 38
Error: 2.6087302319089585e-05
[[ 2.76064773e-03 -9.85510355e-05  8.05473568e-05]
 [-9.85510355e-05  6.25787098e-04 -4.09896290e-05]
 [ 8.05473568e-05 -4.09896290e-05  2.56193867e-04]]
Iteration 39
Error: 2.4260539811803806e-05
[[ 2.74091787e-03 -9.96461576e-05  8.09682244e-05]
 [-9.96461576e-05  6.26026468e-04 -4.15259097e-05]
 [ 8.09682244e-05 -4.15259097e-05  2.56007094e-04]]
Iteration 40
Error: 2.2578555667841045e-05
[[ 2.72257199e-03 -1.00667835e-04  8.13633645e-05]
 [-1.00667835e-04  6.26286538e-04 -4.20156195e-05]
 [ 8.13633645e-05 -4.20156195e-05  2.55847543e-04]]
Iteration 41
Error: 2.1027834925898764e-05
[[ 2.70549556e-03 -1.01620197e-04  8.17347116e-05]
 [-1.01620197e-04  6.26561407e-04 -4.24622075e-05]
 [ 8.17347116e-05 -4.24622075e-05  2.55711603e-04]]
Iteration 42
Error: 1.9596400280565306e-05
[[ 2.68958566e-03 -1.02507214e-04  8.20840612e-05]
 [-1.02507214e-04  6.26846250e-04 -4.28689420e-05]
 [ 8.20840612e-05 -4.28689420e-05  2.55596151e-04]]
Iteration 43
Error: 1.8273596065301778e-05
[[ 2.67474953e-03 -1.03332692e-04  8.24130764e-05]
 [-1.03332692e-04  6.27137134e-04 -4.32389069e-05]
 [ 8.24130764e-05 -4.32389069e-05  2.55498479e-04]]
Iteration 44
Error: 1.7049908903248514e-05
[[ 2.66090339e-03 -1.04100272e-04  8.27232945e-05]
 [-1.04100272e-04  6.27430869e-04 -4.35750020e-05]
 [ 8.27232945e-05 -4.35750020e-05  2.55416239e-04]]
Iteration 45
Error: 1.591681785742168e-05
[[ 2.64797130e-03 -1.04813426e-04  8.30161335e-05]
 [-1.04813426e-04  6.27724880e-04 -4.38799446e-05]
 [ 8.30161335e-05 -4.38799446e-05  2.55347389e-04]]
Iteration 46
Error: 1.486666845401114e-05
[[ 2.63588434e-03 -1.05475458e-04  8.32928997e-05]
 [-1.05475458e-04  6.28017104e-04 -4.41562737e-05]
 [ 8.32928997e-05 -4.41562737e-05  2.55290156e-04]]
Iteration 47
Error: 1.3892566129968068e-05
[[ 2.62457978e-03 -1.06089506e-04  8.35547944e-05]
 [-1.06089506e-04  6.28305897e-04 -4.44063553e-05]
 [ 8.35547944e-05 -4.44063553e-05  2.55242996e-04]]
Iteration 48
Error: 1.2988285581111132e-05
[[ 2.61400040e-03 -1.06658546e-04  8.38029212e-05]
 [-1.06658546e-04  6.28589967e-04 -4.46323892e-05]
 [ 8.38029212e-05 -4.46323892e-05  2.55204563e-04]]
Iteration 49
Error: 1.2148193203392988e-05
[[ 2.60409392e-03 -1.07185396e-04  8.40382926e-05]
 [-1.07185396e-04  6.28868311e-04 -4.48364158e-05]
 [ 8.40382926e-05 -4.48364158e-05  2.55173683e-04]]
Iteration 50
Error: 1.1367180380564409e-05
[[ 2.59481250e-03 -1.07672721e-04  8.42618369e-05]
 [-1.07672721e-04  6.29140162e-04 -4.50203241e-05]
 [ 8.42618369e-05 -4.50203241e-05  2.55149333e-04]]
Iteration 51
Error: 1.0640605809052845e-05
[[ 2.58611224e-03 -1.08123039e-04  8.44744044e-05]
 [-1.08123039e-04  6.29404947e-04 -4.51858602e-05]
 [ 8.44744044e-05 -4.51858602e-05  2.55130616e-04]]
Iteration 52
Error: 9.964245398586029e-06
[[ 2.57795283e-03 -1.08538725e-04  8.46767738e-05]
 [-1.08538725e-04  6.29662257e-04 -4.53346347e-05]
 [ 8.46767738e-05 -4.53346347e-05  2.55116753e-04]]
Iteration 53
Error: 9.334248563280123e-06
[[ 2.57029717e-03 -1.08922018e-04  8.48696575e-05]
 [-1.08922018e-04  6.29911812e-04 -4.54681316e-05]
 [ 8.48696575e-05 -4.54681316e-05  2.55107059e-04]]
Iteration 54
Error: 8.747099926272378e-06
[[ 2.56311111e-03 -1.09275028e-04  8.50537070e-05]
 [-1.09275028e-04  6.30153439e-04 -4.55877164e-05]
 [ 8.50537070e-05 -4.55877164e-05  2.55100938e-04]]
Iteration 55
Error: 8.199585642318475e-06
[[ 2.55636312e-03 -1.09599743e-04  8.52295187e-05]
 [-1.09599743e-04  6.30387052e-04 -4.56946435e-05]
 [ 8.52295187e-05 -4.56946435e-05  2.55097867e-04]]
Iteration 56
Error: 7.688763678678914e-06
[[ 2.55002407e-03 -1.09898030e-04  8.53976378e-05]
 [-1.09898030e-04  6.30612636e-04 -4.57900643e-05]
 [ 8.53976378e-05 -4.57900643e-05  2.55097389e-04]]
Iteration 57
Error: 7.215371919904628e-06
[[ 2.54406704e-03 -1.10171648e-04  8.55585629e-05]
 [-1.10171648e-04  6.30830231e-04 -4.58750346e-05]
 [ 8.55585629e-05 -4.58750346e-05  2.55099106e-04]]
Iteration 58
Error: 6.773758850148868e-06
[[ 2.53846708e-03 -1.10422248e-04  8.57127506e-05]
 [-1.10422248e-04  6.31039925e-04 -4.59505213e-05]
 [ 8.57127506e-05 -4.59505213e-05  2.55102669e-04]]
Iteration 59
Error: 6.360785108471575e-06
[[ 2.53320110e-03 -1.10651382e-04  8.58606184e-05]
 [-1.10651382e-04  6.31241838e-04 -4.60174091e-05]
 [ 8.58606184e-05 -4.60174091e-05  2.55107774e-04]]
Iteration 60
Error: 5.97443803662178e-06
[[ 2.52824763e-03 -1.10860508e-04  8.60025489e-05]
 [-1.10860508e-04  6.31436122e-04 -4.60765071e-05]
 [ 8.60025489e-05 -4.60765071e-05  2.55114154e-04]]
Iteration 61
Error: 5.612861703747622e-06
[[ 2.52358677e-03 -1.11050994e-04  8.61388926e-05]
 [-1.11050994e-04  6.31622947e-04 -4.61285543e-05]
 [ 8.61388926e-05 -4.61285543e-05  2.55121578e-04]]
Iteration 62
Error: 5.274343188138163e-06
[[ 2.51920001e-03 -1.11224124e-04  8.62699710e-05]
 [-1.11224124e-04  6.31802501e-04 -4.61742255e-05]
 [ 8.62699710e-05 -4.61742255e-05  2.55129845e-04]]
Iteration 63
Error: 4.957300217495178e-06
[[ 2.51507012e-03 -1.11381103e-04  8.63960790e-05]
 [-1.11381103e-04  6.31974984e-04 -4.62141360e-05]
 [ 8.63960790e-05 -4.62141360e-05  2.55138779e-04]]
Iteration 64
Error: 4.660270010791557e-06
[[ 2.51118107e-03 -1.11523060e-04  8.65174876e-05]
 [-1.11523060e-04  6.32140603e-04 -4.62488469e-05]
 [ 8.65174876e-05 -4.62488469e-05  2.55148229e-04]]
Iteration 65
Error: 4.381899195726204e-06
[[ 2.50751793e-03 -1.11651055e-04  8.66344461e-05]
 [-1.11651055e-04  6.32299571e-04 -4.62788695e-05]
 [ 8.66344461e-05 -4.62788695e-05  2.55158063e-04]]
Iteration 66
Error: 4.120934676399613e-06
[[ 2.50406676e-03 -1.11766081e-04  8.67471840e-05]
 [-1.11766081e-04  6.32452104e-04 -4.63046689e-05]
 [ 8.67471840e-05 -4.63046689e-05  2.55168167e-04]]
Iteration 67
Error: 3.876215360569711e-06
[[ 2.50081456e-03 -1.11869067e-04  8.68559130e-05]
 [-1.11869067e-04  6.32598420e-04 -4.63266687e-05]
 [ 8.68559130e-05 -4.63266687e-05  2.55178443e-04]]
Iteration 68
Error: 3.646664645827672e-06
[[ 2.49774922e-03 -1.11960886e-04  8.69608284e-05]
 [-1.11960886e-04  6.32738735e-04 -4.63452539e-05]
 [ 8.69608284e-05 -4.63452539e-05  2.55188808e-04]]
Iteration 69
Error: 3.4312835946817024e-06
[[ 2.49485939e-03 -1.12042354e-04  8.70621109e-05]
 [-1.12042354e-04  6.32873263e-04 -4.63607744e-05]
 [ 8.70621109e-05 -4.63607744e-05  2.55199191e-04]]
Iteration 70
Error: 3.229144722783771e-06
[[ 2.49213448e-03 -1.12114235e-04  8.71599279e-05]
 [-1.12114235e-04  6.33002216e-04 -4.63735482e-05]
 [ 8.71599279e-05 -4.63735482e-05  2.55209530e-04]]
Iteration 71
Error: 3.0393863440265093e-06
[[ 2.48956458e-03 -1.12177243e-04  8.72544346e-05]
 [-1.12177243e-04  6.33125803e-04 -4.63838636e-05]
 [ 8.72544346e-05 -4.63838636e-05  2.55219773e-04]]
Iteration 72
Error: 2.861207411810151e-06
[[ 2.48714043e-03 -1.12232048e-04  8.73457753e-05]
 [-1.12232048e-04  6.33244227e-04 -4.63919825e-05]
 [ 8.73457753e-05 -4.63919825e-05  2.55229879e-04]]
Iteration 73
Error: 2.693862812249784e-06
[[ 2.48485335e-03 -1.12279276e-04  8.74340844e-05]
 [-1.12279276e-04  6.33357687e-04 -4.63981422e-05]
 [ 8.74340844e-05 -4.63981422e-05  2.55239810e-04]]
Iteration 74
Error: 2.5366590635861265e-06
[[ 2.48269522e-03 -1.12319511e-04  8.75194871e-05]
 [-1.12319511e-04  6.33466377e-04 -4.64025579e-05]
 [ 8.75194871e-05 -4.64025579e-05  2.55249539e-04]]
Iteration 75
Error: 2.388950383592955e-06
[[ 2.48065842e-03 -1.12353302e-04  8.76021007e-05]
 [-1.12353302e-04  6.33570487e-04 -4.64054243e-05]
 [ 8.76021007e-05 -4.64054243e-05  2.55259039e-04]]
Iteration 76
Error: 2.2501350887749514e-06
[[ 2.47873582e-03 -1.12381158e-04  8.76820347e-05]
 [-1.12381158e-04  6.33670198e-04 -4.64069178e-05]
 [ 8.76820347e-05 -4.64069178e-05  2.55268294e-04]]
Iteration 77
Error: 2.119652297015052e-06
[[ 2.47692073e-03 -1.12403558e-04  8.77593921e-05]
 [-1.12403558e-04  6.33765688e-04 -4.64071978e-05]
 [ 8.77593921e-05 -4.64071978e-05  2.55277287e-04]]
Iteration 78
Error: 2.000136246724021e-06
[[ 2.47520686e-03 -1.12420946e-04  8.78342695e-05]
 [-1.12420946e-04  6.33857129e-04 -4.64064085e-05]
 [ 8.78342695e-05 -4.64064085e-05  2.55286008e-04]]
Iteration 79
Error: 1.8885407348136348e-06
[[ 2.47358834e-03 -1.12433739e-04  8.79067581e-05]
 [-1.12433739e-04  6.33944686e-04 -4.64046800e-05]
 [ 8.79067581e-05 -4.64046800e-05  2.55294448e-04]]
Iteration 80
Error: 1.783340833900809e-06
[[ 2.47205963e-03 -1.12442324e-04  8.79769439e-05]
 [-1.12442324e-04  6.34028519e-04 -4.64021299e-05]
 [ 8.79769439e-05 -4.64021299e-05  2.55302603e-04]]
Iteration 81
Error: 1.6841571319469324e-06
[[ 2.47061554e-03 -1.12447064e-04  8.80449081e-05]
 [-1.12447064e-04  6.34108784e-04 -4.63988641e-05]
 [ 8.80449081e-05 -4.63988641e-05  2.55310470e-04]]
Iteration 82
Error: 1.5906339596762352e-06
[[ 2.46925120e-03 -1.12448295e-04  8.81107277e-05]
 [-1.12448295e-04  6.34185628e-04 -4.63949781e-05]
 [ 8.81107277e-05 -4.63949781e-05  2.55318047e-04]]
Iteration 83
Error: 1.5102920339024899e-06
[[ 2.46796203e-03 -1.12446331e-04  8.81744759e-05]
 [-1.12446331e-04  6.34259194e-04 -4.63905579e-05]
 [ 8.81744759e-05 -4.63905579e-05  2.55325336e-04]]
Iteration 84
Error: 1.4387190333963227e-06
[[ 2.46674372e-03 -1.12441466e-04  8.82362222e-05]
 [-1.12441466e-04  6.34329621e-04 -4.63856808e-05]
 [ 8.82362222e-05 -4.63856808e-05  2.55332339e-04]]
Iteration 85
Error: 1.3707783775949588e-06
[[ 2.46559222e-03 -1.12433970e-04  8.82960327e-05]
 [-1.12433970e-04  6.34397042e-04 -4.63804163e-05]
 [ 8.82960327e-05 -4.63804163e-05  2.55339059e-04]]
Iteration 86
Error: 1.306270616590298e-06
[[ 2.46450374e-03 -1.12424096e-04  8.83539706e-05]
 [-1.12424096e-04  6.34461582e-04 -4.63748266e-05]
 [ 8.83539706e-05 -4.63748266e-05  2.55345502e-04]]
Iteration 87
Error: 1.245008333394866e-06
[[ 2.46347468e-03 -1.12412080e-04  8.84100962e-05]
 [-1.12412080e-04  6.34523365e-04 -4.63689678e-05]
 [ 8.84100962e-05 -4.63689678e-05  2.55351672e-04]]
Iteration 88
Error: 1.1868153296309703e-06
[[ 2.46250169e-03 -1.12398141e-04  8.84644674e-05]
 [-1.12398141e-04  6.34582509e-04 -4.63628897e-05]
 [ 8.84644674e-05 -4.63628897e-05  2.55357576e-04]]
Iteration 89
Error: 1.1315258740770585e-06
[[ 2.46158160e-03 -1.12382480e-04  8.85171393e-05]
 [-1.12382480e-04  6.34639125e-04 -4.63566371e-05]
 [ 8.85171393e-05 -4.63566371e-05  2.55363221e-04]]
Iteration 90
Error: 1.078984008897482e-06
[[ 2.46071142e-03 -1.12365286e-04  8.85681652e-05]
 [-1.12365286e-04  6.34693323e-04 -4.63502498e-05]
 [ 8.85681652e-05 -4.63502498e-05  2.55368614e-04]]
Iteration 91
Error: 1.0290429078570022e-06
[[ 2.45988835e-03 -1.12346733e-04  8.86175961e-05]
 [-1.12346733e-04  6.34745205e-04 -4.63437635e-05]
 [ 8.86175961e-05 -4.63437635e-05  2.55373761e-04]]
Iteration 92
Error: 9.815642828544749e-07
[[ 2.45910974e-03 -1.12326982e-04  8.86654810e-05]
 [-1.12326982e-04  6.34794872e-04 -4.63372096e-05]
 [ 8.86654810e-05 -4.63372096e-05  2.55378672e-04]]
Iteration 93
Error: 9.364178339457257e-07
[[ 2.45837311e-03 -1.12306182e-04  8.87118674e-05]
 [-1.12306182e-04  6.34842418e-04 -4.63306163e-05]
 [ 8.87118674e-05 -4.63306163e-05  2.55383354e-04]]
Iteration 94
Error: 8.934807394380648e-07
[[ 2.45767611e-03 -1.12284472e-04  8.87568007e-05]
 [-1.12284472e-04  6.34887936e-04 -4.63240082e-05]
 [ 8.87568007e-05 -4.63240082e-05  2.55387814e-04]]
Iteration 95
Error: 8.526371824990495e-07
[[ 2.45701653e-03 -1.12261978e-04  8.88003251e-05]
 [-1.12261978e-04  6.34931512e-04 -4.63174073e-05]
 [ 8.88003251e-05 -4.63174073e-05  2.55392062e-04]]
Iteration 96
Error: 8.137779118933425e-07
[[ 2.45639230e-03 -1.12238819e-04  8.88424829e-05]
 [-1.12238819e-04  6.34973231e-04 -4.63108329e-05]
 [ 8.88424829e-05 -4.63108329e-05  2.55396104e-04]]
Iteration 97
Error: 7.767998332360813e-07
[[ 2.45580145e-03 -1.12215101e-04  8.88833153e-05]
 [-1.12215101e-04  6.35013173e-04 -4.63043017e-05]
 [ 8.88833153e-05 -4.63043017e-05  2.55399949e-04]]
Iteration 98
Error: 7.416056288177378e-07
[[ 2.45524213e-03 -1.12190926e-04  8.89228621e-05]
 [-1.12190926e-04  6.35051415e-04 -4.62978285e-05]
 [ 8.89228621e-05 -4.62978285e-05  2.55403605e-04]]
Iteration 99
Error: 7.081034039204434e-07
[[ 2.45471261e-03 -1.12166385e-04  8.89611617e-05]
 [-1.12166385e-04  6.35088030e-04 -4.62914262e-05]
 [ 8.89611617e-05 -4.62914262e-05  2.55407080e-04]]
Iteration 100
Error: 6.76206356821623e-07
[[ 2.45421123e-03 -1.12141561e-04  8.89982514e-05]
 [-1.12141561e-04  6.35123088e-04 -4.62851057e-05]
 [ 8.89982514e-05 -4.62851057e-05  2.55410381e-04]]
Iteration 101
Error: 6.45832471490252e-07
[[ 2.45373645e-03 -1.12116531e-04  8.90341674e-05]
 [-1.12116531e-04  6.35156659e-04 -4.62788765e-05]
 [ 8.90341674e-05 -4.62788765e-05  2.55413515e-04]]
Iteration 102
Error: 6.169042305513518e-07
[[ 2.45328681e-03 -1.12091367e-04  8.90689446e-05]
 [-1.12091367e-04  6.35188804e-04 -4.62727467e-05]
 [ 8.90689446e-05 -4.62727467e-05  2.55416490e-04]]
Iteration 103
Error: 5.893483473428507e-07
[[ 2.45286093e-03 -1.12066133e-04  8.91026171e-05]
 [-1.12066133e-04  6.35219588e-04 -4.62667232e-05]
 [ 8.91026171e-05 -4.62667232e-05  2.55419313e-04]]
Iteration 104
Error: 5.630955160484952e-07
[[ 2.45245750e-03 -1.12040887e-04  8.91352178e-05]
 [-1.12040887e-04  6.35249068e-04 -4.62608117e-05]
 [ 8.91352178e-05 -4.62608117e-05  2.55421991e-04]]
Iteration 105
Error: 5.380801773004006e-07
[[ 2.45207532e-03 -1.12015682e-04  8.91667788e-05]
 [-1.12015682e-04  6.35277301e-04 -4.62550167e-05]
 [ 8.91667788e-05 -4.62550167e-05  2.55424530e-04]]
Iteration 106
Error: 5.142402995767886e-07
[[ 2.45171321e-03 -1.11990568e-04  8.91973310e-05]
 [-1.11990568e-04  6.35304341e-04 -4.62493421e-05]
 [ 8.91973310e-05 -4.62493421e-05  2.55426937e-04]]
Iteration 107
Error: 4.915171743189334e-07
[[ 2.45137008e-03 -1.11965588e-04  8.92269048e-05]
 [-1.11965588e-04  6.35330240e-04 -4.62437908e-05]
 [ 8.92269048e-05 -4.62437908e-05  2.55429218e-04]]
Iteration 108
Error: 4.698552242119223e-07
[[ 2.45104490e-03 -1.11940782e-04  8.92555295e-05]
 [-1.11940782e-04  6.35355047e-04 -4.62383651e-05]
 [ 8.92555295e-05 -4.62383651e-05  2.55431379e-04]]
Iteration 109
Error: 4.49201823147572e-07
[[ 2.45073671e-03 -1.11916186e-04  8.92832335e-05]
 [-1.11916186e-04  6.35378809e-04 -4.62330665e-05]
 [ 8.92832335e-05 -4.62330665e-05  2.55433426e-04]]
Iteration 110
Error: 4.295071283169795e-07
[[ 2.45044458e-03 -1.11891831e-04  8.93100446e-05]
 [-1.11891831e-04  6.35401573e-04 -4.62278961e-05]
 [ 8.93100446e-05 -4.62278961e-05  2.55435364e-04]]
Iteration 111
Error: 4.10723921834402e-07
[[ 2.45016764e-03 -1.11867746e-04  8.93359896e-05]
 [-1.11867746e-04  6.35423380e-04 -4.62228543e-05]
 [ 8.93359896e-05 -4.62228543e-05  2.55437199e-04]]
Iteration 112
Error: 3.9280746245486944e-07
[[ 2.44990507e-03 -1.11843958e-04  8.93610948e-05]
 [-1.11843958e-04  6.35444272e-04 -4.62179413e-05]
 [ 8.93610948e-05 -4.62179413e-05  2.55438935e-04]]
Iteration 113
Error: 3.7571534671856943e-07
[[ 2.44965611e-03 -1.11820487e-04  8.93853855e-05]
 [-1.11820487e-04  6.35464289e-04 -4.62131566e-05]
 [ 8.93853855e-05 -4.62131566e-05  2.55440579e-04]]
Iteration 114
Error: 3.5940737782696195e-07
[[ 2.44942002e-03 -1.11797354e-04  8.94088865e-05]
 [-1.11797354e-04  6.35483469e-04 -4.62084996e-05]
 [ 8.94088865e-05 -4.62084996e-05  2.55442133e-04]]
Iteration 115
Error: 3.4384544330541783e-07
[[ 2.44919611e-03 -1.11774577e-04  8.94316218e-05]
 [-1.11774577e-04  6.35501847e-04 -4.62039694e-05]
 [ 8.94316218e-05 -4.62039694e-05  2.55443604e-04]]
Iteration 116
Error: 3.289933994021001e-07
[[ 2.44898372e-03 -1.11752170e-04  8.94536148e-05]
 [-1.11752170e-04  6.35519458e-04 -4.61995646e-05]
 [ 8.94536148e-05 -4.61995646e-05  2.55444994e-04]]
Iteration 117
Error: 3.148169621626848e-07
[[ 2.44878226e-03 -1.11730147e-04  8.94748882e-05]
 [-1.11730147e-04  6.35536335e-04 -4.61952838e-05]
 [ 8.94748882e-05 -4.61952838e-05  2.55446309e-04]]
Iteration 118
Error: 3.0128360610621964e-07
[[ 2.44859112e-03 -1.11708518e-04  8.94954641e-05]
 [-1.11708518e-04  6.35552510e-04 -4.61911253e-05]
 [ 8.94954641e-05 -4.61911253e-05  2.55447552e-04]]
Iteration 119
Error: 2.8836246742182153e-07
[[ 2.44840976e-03 -1.11687292e-04  8.95153639e-05]
 [-1.11687292e-04  6.35568013e-04 -4.61870873e-05]
 [ 8.95153639e-05 -4.61870873e-05  2.55448726e-04]]
Iteration 120
Error: 2.760242541203817e-07
[[ 2.44823766e-03 -1.11666477e-04  8.95346084e-05]
 [-1.11666477e-04  6.35582873e-04 -4.61831677e-05]
 [ 8.95346084e-05 -4.61831677e-05  2.55449837e-04]]
Iteration 121
Error: 2.642411604978853e-07
[[ 2.44807434e-03 -1.11646078e-04  8.95532180e-05]
 [-1.11646078e-04  6.35597116e-04 -4.61793646e-05]
 [ 8.95532180e-05 -4.61793646e-05  2.55450886e-04]]
Iteration 122
Error: 2.5298678703910876e-07
[[ 2.44791932e-03 -1.11626101e-04  8.95712124e-05]
 [-1.11626101e-04  6.35610771e-04 -4.61756755e-05]
 [ 8.95712124e-05 -4.61756755e-05  2.55451876e-04]]
Iteration 123
Error: 2.4223606491318404e-07
[[ 2.44777216e-03 -1.11606548e-04  8.95886107e-05]
 [-1.11606548e-04  6.35623861e-04 -4.61720983e-05]
 [ 8.95886107e-05 -4.61720983e-05  2.55452812e-04]]
Iteration 124
Error: 2.3196518470453107e-07
[[ 2.44763246e-03 -1.11587422e-04  8.96054315e-05]
 [-1.11587422e-04  6.35636411e-04 -4.61686306e-05]
 [ 8.96054315e-05 -4.61686306e-05  2.55453696e-04]]
Iteration 125
Error: 2.221515289535411e-07
[[ 2.44749982e-03 -1.11568723e-04  8.96216929e-05]
 [-1.11568723e-04  6.35648444e-04 -4.61652700e-05]
 [ 8.96216929e-05 -4.61652700e-05  2.55454531e-04]]
Iteration 126
Error: 2.1277360938025446e-07
[[ 2.44737387e-03 -1.11550451e-04  8.96374124e-05]
 [-1.11550451e-04  6.35659982e-04 -4.61620141e-05]
 [ 8.96374124e-05 -4.61620141e-05  2.55455319e-04]]
Iteration 127
Error: 2.0381100659468316e-07
[[ 2.44725425e-03 -1.11532605e-04  8.96526072e-05]
 [-1.11532605e-04  6.35671046e-04 -4.61588603e-05]
 [ 8.96526072e-05 -4.61588603e-05  2.55456063e-04]]
Iteration 128
Error: 1.9524431405908973e-07
[[ 2.44714064e-03 -1.11515185e-04  8.96672937e-05]
 [-1.11515185e-04  6.35681656e-04 -4.61558062e-05]
 [ 8.96672937e-05 -4.61558062e-05  2.55456766e-04]]
Iteration 129
Error: 1.8705508462330824e-07
[[ 2.44703273e-03 -1.11498186e-04  8.96814880e-05]
 [-1.11498186e-04  6.35691831e-04 -4.61528492e-05]
 [ 8.96814880e-05 -4.61528492e-05  2.55457429e-04]]
Iteration 130
Error: 1.792257803541155e-07
[[ 2.44693020e-03 -1.11481607e-04  8.96952059e-05]
 [-1.11481607e-04  6.35701590e-04 -4.61499870e-05]
 [ 8.96952059e-05 -4.61499870e-05  2.55458054e-04]]
Iteration 131
Error: 1.717397251528043e-07
[[ 2.44683279e-03 -1.11465444e-04  8.97084625e-05]
 [-1.11465444e-04  6.35710951e-04 -4.61472170e-05]
 [ 8.97084625e-05 -4.61472170e-05  2.55458645e-04]]
Iteration 132
Error: 1.6458105977351905e-07
[[ 2.44674024e-03 -1.11449691e-04  8.97212724e-05]
 [-1.11449691e-04  6.35719930e-04 -4.61445367e-05]
 [ 8.97212724e-05 -4.61445367e-05  2.55459201e-04]]
Iteration 133
Error: 1.577346996363936e-07
[[ 2.44665227e-03 -1.11434345e-04  8.97336500e-05]
 [-1.11434345e-04  6.35728543e-04 -4.61419437e-05]
 [ 8.97336500e-05 -4.61419437e-05  2.55459727e-04]]
Iteration 134
Error: 1.511862946846135e-07
[[ 2.44656867e-03 -1.11419401e-04  8.97456092e-05]
 [-1.11419401e-04  6.35736806e-04 -4.61394356e-05]
 [ 8.97456092e-05 -4.61394356e-05  2.55460223e-04]]
Iteration 135
Error: 1.4492219148644066e-07
[[ 2.44648920e-03 -1.11404852e-04  8.97571635e-05]
 [-1.11404852e-04  6.35744734e-04 -4.61370099e-05]
 [ 8.97571635e-05 -4.61370099e-05  2.55460690e-04]]
Iteration 136
Error: 1.3892939784850792e-07
[[ 2.44641365e-03 -1.11390694e-04  8.97683258e-05]
 [-1.11390694e-04  6.35752340e-04 -4.61346644e-05]
 [ 8.97683258e-05 -4.61346644e-05  2.55461131e-04]]
Iteration 137
Error: 1.3319554822979686e-07
[[ 2.44634182e-03 -1.11376920e-04  8.97791090e-05]
 [-1.11376920e-04  6.35759638e-04 -4.61323967e-05]
 [ 8.97791090e-05 -4.61323967e-05  2.55461547e-04]]
Iteration 138
Error: 1.2770887264676011e-07
[[ 2.44627351e-03 -1.11363523e-04  8.97895252e-05]
 [-1.11363523e-04  6.35766641e-04 -4.61302045e-05]
 [ 8.97895252e-05 -4.61302045e-05  2.55461939e-04]]
Iteration 139
Error: 1.2245816578293782e-07
[[ 2.44620855e-03 -1.11350498e-04  8.97995865e-05]
 [-1.11350498e-04  6.35773361e-04 -4.61280856e-05]
 [ 8.97995865e-05 -4.61280856e-05  2.55462308e-04]]
Iteration 140
Error: 1.1743275844385242e-07
[[ 2.44614677e-03 -1.11337837e-04  8.98093044e-05]
 [-1.11337837e-04  6.35779810e-04 -4.61260378e-05]
 [ 8.98093044e-05 -4.61260378e-05  2.55462657e-04]]
Iteration 141
Error: 1.1262249080856203e-07
[[ 2.44608800e-03 -1.11325534e-04  8.98186901e-05]
 [-1.11325534e-04  6.35786000e-04 -4.61240590e-05]
 [ 8.98186901e-05 -4.61240590e-05  2.55462985e-04]]
Iteration 142
Error: 1.0801768613793387e-07
[[ 2.44603210e-03 -1.11313581e-04  8.98277545e-05]
 [-1.11313581e-04  6.35791941e-04 -4.61221469e-05]
 [ 8.98277545e-05 -4.61221469e-05  2.55463295e-04]]
Iteration 143
Error: 1.0360912720812777e-07
[[ 2.44597890e-03 -1.11301971e-04  8.98365082e-05]
 [-1.11301971e-04  6.35797643e-04 -4.61202997e-05]
 [ 8.98365082e-05 -4.61202997e-05  2.55463587e-04]]
Iteration 144
Error: 9.938803261176621e-08
[[ 2.44592828e-03 -1.11290698e-04  8.98449613e-05]
 [-1.11290698e-04  6.35803117e-04 -4.61185151e-05]
 [ 8.98449613e-05 -4.61185151e-05  2.55463862e-04]]
Iteration 145
Error: 9.534603562534323e-08
[[ 2.44588011e-03 -1.11279754e-04  8.98531239e-05]
 [-1.11279754e-04  6.35808372e-04 -4.61167914e-05]
 [ 8.98531239e-05 -4.61167914e-05  2.55464121e-04]]
Iteration 146
Error: 9.147516292446552e-08
[[ 2.44583426e-03 -1.11269132e-04  8.98610055e-05]
 [-1.11269132e-04  6.35813416e-04 -4.61151266e-05]
 [ 8.98610055e-05 -4.61151266e-05  2.55464365e-04]]
Iteration 147
Error: 8.776781552078641e-08
[[ 2.44579062e-03 -1.11258825e-04  8.98686154e-05]
 [-1.11258825e-04  6.35818259e-04 -4.61135188e-05]
 [ 8.98686154e-05 -4.61135188e-05  2.55464596e-04]]
Iteration 148
Error: 8.421675004763286e-08
[[ 2.44574907e-03 -1.11248825e-04  8.98759626e-05]
 [-1.11248825e-04  6.35822910e-04 -4.61119661e-05]
 [ 8.98759626e-05 -4.61119661e-05  2.55464812e-04]]
Iteration 149
Error: 8.081506113844037e-08
[[ 2.44570951e-03 -1.11239125e-04  8.98830560e-05]
 [-1.11239125e-04  6.35827374e-04 -4.61104669e-05]
 [ 8.98830560e-05 -4.61104669e-05  2.55465017e-04]]
Iteration 150
Error: 7.755616487736914e-08
[[ 2.44567184e-03 -1.11229718e-04  8.98899039e-05]
 [-1.11229718e-04  6.35831662e-04 -4.61090193e-05]
 [ 8.98899039e-05 -4.61090193e-05  2.55465209e-04]]
Iteration 151
Error: 7.44337830350315e-08
[[ 2.44563596e-03 -1.11220596e-04  8.98965145e-05]
 [-1.11220596e-04  6.35835779e-04 -4.61076218e-05]
 [ 8.98965145e-05 -4.61076218e-05  2.55465390e-04]]
Iteration 152
Error: 7.144192791682085e-08
[[ 2.44560179e-03 -1.11211754e-04  8.99028958e-05]
 [-1.11211754e-04  6.35839733e-04 -4.61062726e-05]
 [ 8.99028958e-05 -4.61062726e-05  2.55465561e-04]]
Iteration 153
Error: 6.857488841555863e-08
[[ 2.44556924e-03 -1.11203183e-04  8.99090556e-05]
 [-1.11203183e-04  6.35843530e-04 -4.61049703e-05]
 [ 8.99090556e-05 -4.61049703e-05  2.55465722e-04]]
Iteration 154
Error: 6.582721643084576e-08
[[ 2.44553823e-03 -1.11194877e-04  8.99150012e-05]
 [-1.11194877e-04  6.35847177e-04 -4.61037132e-05]
 [ 8.99150012e-05 -4.61037132e-05  2.55465873e-04]]
Iteration 155
Error: 6.319371391497435e-08
[[ 2.44550868e-03 -1.11186829e-04  8.99207398e-05]
 [-1.11186829e-04  6.35850680e-04 -4.61024998e-05]
 [ 8.99207398e-05 -4.61024998e-05  2.55466015e-04]]
Iteration 156
Error: 6.066942119112371e-08
[[ 2.44548052e-03 -1.11179032e-04  8.99262785e-05]
 [-1.11179032e-04  6.35854044e-04 -4.61013287e-05]
 [ 8.99262785e-05 -4.61013287e-05  2.55466150e-04]]
Iteration 157
Error: 5.824960504101416e-08
[[ 2.44545369e-03 -1.11171479e-04  8.99316239e-05]
 [-1.11171479e-04  6.35857276e-04 -4.61001985e-05]
 [ 8.99316239e-05 -4.61001985e-05  2.55466276e-04]]
Iteration 158
Error: 5.592974797478858e-08
[[ 2.44542811e-03 -1.11164165e-04  8.99367827e-05]
 [-1.11164165e-04  6.35860381e-04 -4.60991079e-05]
 [ 8.99367827e-05 -4.60991079e-05  2.55466395e-04]]
Iteration 159
Error: 5.370553781647801e-08
[[ 2.44540373e-03 -1.11157081e-04  8.99417612e-05]
 [-1.11157081e-04  6.35863364e-04 -4.60980554e-05]
 [ 8.99417612e-05 -4.60980554e-05  2.55466507e-04]]
Iteration 160
Error: 5.157285784363017e-08
[[ 2.44538048e-03 -1.11150223e-04  8.99465655e-05]
 [-1.11150223e-04  6.35866229e-04 -4.60970399e-05]
 [ 8.99465655e-05 -4.60970399e-05  2.55466612e-04]]
Iteration 161
Error: 4.952777770722463e-08
[[ 2.44535832e-03 -1.11143583e-04  8.99512015e-05]
 [-1.11143583e-04  6.35868983e-04 -4.60960600e-05]
 [ 8.99512015e-05 -4.60960600e-05  2.55466711e-04]]
Iteration 162
Error: 4.7566544121750774e-08
[[ 2.44533718e-03 -1.11137156e-04  8.99556749e-05]
 [-1.11137156e-04  6.35871628e-04 -4.60951146e-05]
 [ 8.99556749e-05 -4.60951146e-05  2.55466804e-04]]
Iteration 163
Error: 4.568557257335153e-08
[[ 2.44531702e-03 -1.11130936e-04  8.99599913e-05]
 [-1.11130936e-04  6.35874170e-04 -4.60942024e-05]
 [ 8.99599913e-05 -4.60942024e-05  2.55466892e-04]]
Iteration 164
Error: 4.388143977823505e-08
[[ 2.44529780e-03 -1.11124916e-04  8.99641562e-05]
 [-1.11124916e-04  6.35876612e-04 -4.60933224e-05]
 [ 8.99641562e-05 -4.60933224e-05  2.55466975e-04]]
Iteration 165
Error: 4.215087535550056e-08
[[ 2.44527945e-03 -1.11119091e-04  8.99681745e-05]
 [-1.11119091e-04  6.35878959e-04 -4.60924735e-05]
 [ 8.99681745e-05 -4.60924735e-05  2.55467053e-04]]
Iteration 166
Error: 4.049075506948243e-08
[[ 2.44526196e-03 -1.11113455e-04  8.99720515e-05]
 [-1.11113455e-04  6.35881215e-04 -4.60916545e-05]
 [ 8.99720515e-05 -4.60916545e-05  2.55467126e-04]]
Iteration 167
Error: 3.88980938820742e-08
[[ 2.44524526e-03 -1.11108003e-04  8.99757919e-05]
 [-1.11108003e-04  6.35883383e-04 -4.60908645e-05]
 [ 8.99757919e-05 -4.60908645e-05  2.55467195e-04]]
Iteration 168
Error: 3.737003928175461e-08
[[ 2.44522933e-03 -1.11102729e-04  8.99794005e-05]
 [-1.11102729e-04  6.35885466e-04 -4.60901025e-05]
 [ 8.99794005e-05 -4.60901025e-05  2.55467259e-04]]
Iteration 169
Error: 3.590386535584774e-08
[[ 2.44521412e-03 -1.11097628e-04  8.99828817e-05]
 [-1.11097628e-04  6.35887468e-04 -4.60893675e-05]
 [ 8.99828817e-05 -4.60893675e-05  2.55467320e-04]]
Iteration 170
Error: 3.44969665519695e-08
[[ 2.44519960e-03 -1.11092695e-04  8.99862401e-05]
 [-1.11092695e-04  6.35889393e-04 -4.60886586e-05]
 [ 8.99862401e-05 -4.60886586e-05  2.55467377e-04]]
Iteration 171
Error: 3.314685220763135e-08
[[ 2.44518575e-03 -1.11087925e-04  8.99894797e-05]
 [-1.11087925e-04  6.35891243e-04 -4.60879748e-05]
 [ 8.99894797e-05 -4.60879748e-05  2.55467431e-04]]
Iteration 172
Error: 3.1851141446873586e-08
[[ 2.44517252e-03 -1.11083312e-04  8.99926048e-05]
 [-1.11083312e-04  6.35893021e-04 -4.60873153e-05]
 [ 8.99926048e-05 -4.60873153e-05  2.55467482e-04]]
Iteration 173
Error: 3.0607557777469056e-08
[[ 2.44515989e-03 -1.11078853e-04  8.99956192e-05]
 [-1.11078853e-04  6.35894731e-04 -4.60866793e-05]
 [ 8.99956192e-05 -4.60866793e-05  2.55467529e-04]]
Iteration 174
Error: 2.9413924423663212e-08
[[ 2.44514783e-03 -1.11074542e-04  8.99985269e-05]
 [-1.11074542e-04  6.35896374e-04 -4.60860659e-05]
 [ 8.99985269e-05 -4.60860659e-05  2.55467574e-04]]
Iteration 175
Error: 2.826815960744165e-08
[[ 2.44513631e-03 -1.11070374e-04  9.00013315e-05]
 [-1.11070374e-04  6.35897954e-04 -4.60854743e-05]
 [ 9.00013315e-05 -4.60854743e-05  2.55467616e-04]]
Iteration 176
Error: 2.7168272428900668e-08
[[ 2.44512531e-03 -1.11066346e-04  9.00040366e-05]
 [-1.11066346e-04  6.35899473e-04 -4.60849039e-05]
 [ 9.00040366e-05 -4.60849039e-05  2.55467656e-04]]
Iteration 177
Error: 2.6112358444884353e-08
[[ 2.44511480e-03 -1.11062453e-04  9.00066457e-05]
 [-1.11062453e-04  6.35900933e-04 -4.60843537e-05]
 [ 9.00066457e-05 -4.60843537e-05  2.55467693e-04]]
Iteration 178
Error: 2.5098595898359827e-08
[[ 2.44510476e-03 -1.11058691e-04  9.00091621e-05]
 [-1.11058691e-04  6.35902337e-04 -4.60838233e-05]
 [ 9.00091621e-05 -4.60838233e-05  2.55467728e-04]]
Iteration 179
Error: 2.412524184000923e-08
[[ 2.44509516e-03 -1.11055055e-04  9.00115891e-05]
 [-1.11055055e-04  6.35903687e-04 -4.60833118e-05]
 [ 9.00115891e-05 -4.60833118e-05  2.55467760e-04]]
Iteration 180
Error: 2.319062855848052e-08
[[ 2.44508599e-03 -1.11051542e-04  9.00139298e-05]
 [-1.11051542e-04  6.35904985e-04 -4.60828185e-05]
 [ 9.00139298e-05 -4.60828185e-05  2.55467791e-04]]
Iteration 181
Error: 2.229316022587949e-08
[[ 2.44507723e-03 -1.11048148e-04  9.00161871e-05]
 [-1.11048148e-04  6.35906233e-04 -4.60823429e-05]
 [ 9.00161871e-05 -4.60823429e-05  2.55467820e-04]]
Iteration 182
Error: 2.1431309592918283e-08
[[ 2.44506886e-03 -1.11044868e-04  9.00183640e-05]
 [-1.11044868e-04  6.35907433e-04 -4.60818844e-05]
 [ 9.00183640e-05 -4.60818844e-05  2.55467847e-04]]
Iteration 183
Error: 2.0603614971404535e-08
[[ 2.44506085e-03 -1.11041700e-04  9.00204634e-05]
 [-1.11041700e-04  6.35908587e-04 -4.60814422e-05]
 [ 9.00204634e-05 -4.60814422e-05  2.55467873e-04]]
Iteration 184
Error: 1.980867713078044e-08
[[ 2.44505320e-03 -1.11038640e-04  9.00224879e-05]
 [-1.11038640e-04  6.35909697e-04 -4.60810159e-05]
 [ 9.00224879e-05 -4.60810159e-05  2.55467897e-04]]
Iteration 185
Error: 1.9045156672157972e-08
[[ 2.44504588e-03 -1.11035684e-04  9.00244401e-05]
 [-1.11035684e-04  6.35910765e-04 -4.60806049e-05]
 [ 9.00244401e-05 -4.60806049e-05  2.55467920e-04]]
Iteration 186
Error: 1.8311771038550086e-08
[[ 2.44503889e-03 -1.11032829e-04  9.00263227e-05]
 [-1.11032829e-04  6.35911792e-04 -4.60802086e-05]
 [ 9.00263227e-05 -4.60802086e-05  2.55467941e-04]]
Iteration 187
Error: 1.7607292625038563e-08
[[ 2.44503220e-03 -1.11030071e-04  9.00281380e-05]
 [-1.11030071e-04  6.35912779e-04 -4.60798266e-05]
 [ 9.00281380e-05 -4.60798266e-05  2.55467961e-04]]
Iteration 188
Error: 1.6930545387931718e-08
[[ 2.44502580e-03 -1.11027408e-04  9.00298884e-05]
 [-1.11027408e-04  6.35913729e-04 -4.60794583e-05]
 [ 9.00298884e-05 -4.60794583e-05  2.55467979e-04]]
Iteration 189
Error: 1.6280403568075686e-08
[[ 2.44501968e-03 -1.11024837e-04  9.00315763e-05]
 [-1.11024837e-04  6.35914642e-04 -4.60791032e-05]
 [ 9.00315763e-05 -4.60791032e-05  2.55467997e-04]]
Iteration 190
Error: 1.5655788466423606e-08
[[ 2.44501382e-03 -1.11022353e-04  9.00332037e-05]
 [-1.11022353e-04  6.35915521e-04 -4.60787609e-05]
 [ 9.00332037e-05 -4.60787609e-05  2.55468013e-04]]
Iteration 191
Error: 1.5055667313009467e-08
[[ 2.44500822e-03 -1.11019956e-04  9.00347729e-05]
 [-1.11019956e-04  6.35916366e-04 -4.60784309e-05]
 [ 9.00347729e-05 -4.60784309e-05  2.55468029e-04]]
Iteration 192
Error: 1.4479050415781001e-08
[[ 2.44500286e-03 -1.11017641e-04  9.00362859e-05]
 [-1.11017641e-04  6.35917179e-04 -4.60781127e-05]
 [ 9.00362859e-05 -4.60781127e-05  2.55468043e-04]]
Iteration 193
Error: 1.3924989796415847e-08
[[ 2.44499774e-03 -1.11015405e-04  9.00377447e-05]
 [-1.11015405e-04  6.35917961e-04 -4.60778061e-05]
 [ 9.00377447e-05 -4.60778061e-05  2.55468057e-04]]
Iteration 194
Error: 1.339257727697577e-08
[[ 2.44499283e-03 -1.11013247e-04  9.00391511e-05]
 [-1.11013247e-04  6.35918713e-04 -4.60775104e-05]
 [ 9.00391511e-05 -4.60775104e-05  2.55468069e-04]]
Iteration 195
Error: 1.288094239817073e-08
[[ 2.44498813e-03 -1.11011164e-04  9.00405072e-05]
 [-1.11011164e-04  6.35919437e-04 -4.60772254e-05]
 [ 9.00405072e-05 -4.60772254e-05  2.55468081e-04]]
Iteration 196
Error: 1.2389251146478417e-08
[[ 2.44498363e-03 -1.11009153e-04  9.00418145e-05]
 [-1.11009153e-04  6.35920133e-04 -4.60769507e-05]
 [ 9.00418145e-05 -4.60769507e-05  2.55468092e-04]]
Iteration 197
Error: 1.1916704264022153e-08
[[ 2.44497933e-03 -1.11007212e-04  9.00430749e-05]
 [-1.11007212e-04  6.35920803e-04 -4.60766859e-05]
 [ 9.00430749e-05 -4.60766859e-05  2.55468103e-04]]
Iteration 198
Error: 1.1462535714600996e-08
[[ 2.44497521e-03 -1.11005339e-04  9.00442901e-05]
 [-1.11005339e-04  6.35921447e-04 -4.60764307e-05]
 [ 9.00442901e-05 -4.60764307e-05  2.55468113e-04]]
Iteration 199
Error: 1.1026011132399716e-08
[[ 2.44497127e-03 -1.11003530e-04  9.00454616e-05]
 [-1.11003530e-04  6.35922067e-04 -4.60761846e-05]
 [ 9.00454616e-05 -4.60761846e-05  2.55468122e-04]]
Iteration 200
Error: 1.0606426650183092e-08
[[ 2.44496749e-03 -1.11001785e-04  9.00465910e-05]
 [-1.11001785e-04  6.35922664e-04 -4.60759475e-05]
 [ 9.00465910e-05 -4.60759475e-05  2.55468131e-04]]
Iteration 201
Error: 1.0203107490944392e-08
[[ 2.44496387e-03 -1.11000100e-04  9.00476797e-05]
 [-1.11000100e-04  6.35923238e-04 -4.60757189e-05]
 [ 9.00476797e-05 -4.60757189e-05  2.55468139e-04]]
Convergence reached in 202 iterations
[[ 2.44496041e-03 -1.10998475e-04  9.00487293e-05]
 [-1.10998475e-04  6.35923790e-04 -4.60754985e-05]
 [ 9.00487293e-05 -4.60754985e-05  2.55468146e-04]]

Abamson correction active
Local covariance matrices saved in nb_60.cov.npy
