DONKEY Clustering
Number of datapoints: 639
Number of features:   3
Periodic features:    []

1. Covariance Optimisation
Convergence threshold: 1e-08

Initial guess
[[1. 0. 0.]
 [0. 1. 0.]
 [0. 0. 1.]]
Iteration 1
Error: 2.857818572769567
[[ 1.28532607e-01  3.14151838e-05 -2.81250433e-05]
 [ 3.14151838e-05  1.08965411e-02 -4.25948308e-06]
 [-2.81250433e-05 -4.25948308e-06  2.87987854e-03]]
Iteration 2
Error: 0.06343365428880433
[[ 7.38478016e-02  4.22720954e-04 -9.68324926e-05]
 [ 4.22720954e-04  4.40179180e-03  2.17913905e-05]
 [-9.68324926e-05  2.17913905e-05  1.59790710e-03]]
Iteration 3
Error: 0.026559161059845047
[[ 4.98342503e-02  4.65007903e-04 -6.10986015e-05]
 [ 4.65007903e-04  2.49787497e-03  4.78859387e-06]
 [-6.10986015e-05  4.78859387e-06  1.14626145e-03]]
Iteration 4
Error: 0.0159006686661236
[[ 3.52364351e-02  3.56499156e-04 -2.43569366e-05]
 [ 3.56499156e-04  1.74454772e-03 -7.32401627e-06]
 [-2.43569366e-05 -7.32401627e-06  9.11461272e-04]]
Iteration 5
Error: 0.010536513169720207
[[ 2.55216125e-02  2.41947493e-04  2.69301975e-06]
 [ 2.41947493e-04  1.36224832e-03 -1.34446316e-05]
 [ 2.69301975e-06 -1.34446316e-05  7.67514626e-04]]
Iteration 6
Error: 0.0070405393219439985
[[ 1.90296210e-02  1.49745292e-04  2.00283779e-05]
 [ 1.49745292e-04  1.13542569e-03 -1.65930123e-05]
 [ 2.00283779e-05 -1.65930123e-05  6.71161344e-04]]
Iteration 7
Error: 0.004656870767352427
[[ 1.47525541e-02  8.01222818e-05  3.06367860e-05]
 [ 8.01222818e-05  9.87717631e-04 -1.84246312e-05]
 [ 3.06367860e-05 -1.84246312e-05  6.03191593e-04]]
Iteration 8
Error: 0.0030927870755464793
[[ 1.19313398e-02  2.82765586e-05  3.77849618e-05]
 [ 2.82765586e-05  8.86051074e-04 -1.95795135e-05]
 [ 3.77849618e-05 -1.95795135e-05  5.53582870e-04]]
Iteration 9
Error: 0.0020981348689135576
[[ 1.00334306e-02 -1.08151835e-05  4.33867773e-05]
 [-1.08151835e-05  8.13720094e-04 -2.02987735e-05]
 [ 4.33867773e-05 -2.02987735e-05  5.16513834e-04]]
Iteration 10
Error: 0.001465374084645544
[[ 8.71998919e-03 -4.11861495e-05  4.82380856e-05]
 [-4.11861495e-05  7.61226341e-04 -2.07060172e-05]
 [ 4.82380856e-05 -2.07060172e-05  4.88333982e-04]]
Iteration 11
Error: 0.0010537192470257595
[[ 7.78461604e-03 -6.56687659e-05  5.26293175e-05]
 [-6.56687659e-05  7.22686428e-04 -2.08793471e-05]
 [ 5.26293175e-05 -2.08793471e-05  4.66622147e-04]]
Iteration 12
Error: 0.0007775513618807937
[[ 7.10143773e-03 -8.61149029e-05  5.66757284e-05]
 [-8.61149029e-05  6.94233639e-04 -2.08698188e-05]
 [ 5.66757284e-05 -2.08698188e-05  4.49706037e-04]]
Iteration 13
Error: 0.0005869635294444356
[[ 6.59181731e-03 -1.03702817e-04  6.04374230e-05]
 [-1.03702817e-04  6.73216561e-04 -2.07116389e-05]
 [ 6.04374230e-05 -2.07116389e-05  4.36395585e-04]]
Iteration 14
Error: 0.00045138036198283865
[[ 6.20502519e-03 -1.19180798e-04  6.39559939e-05]
 [-1.19180798e-04  6.57757419e-04 -2.04291670e-05]
 [ 6.39559939e-05 -2.04291670e-05  4.25824535e-04]]
Iteration 15
Error: 0.0003525984387570658
[[ 5.90725493e-03 -1.33028924e-04  6.72646940e-05]
 [-1.33028924e-04  6.46491965e-04 -2.00412105e-05]
 [ 6.72646940e-05 -2.00412105e-05  4.17351373e-04]]
Iteration 16
Error: 0.0002791656858316345
[[ 5.67530003e-03 -1.45560108e-04  7.03912443e-05]
 [-1.45560108e-04  6.38408804e-04 -1.95634231e-05]
 [ 7.03912443e-05 -1.95634231e-05  4.10494787e-04]]
Iteration 17
Error: 0.00022364138454457393
[[ 5.49281362e-03 -1.56982528e-04  7.33588807e-05]
 [-1.56982528e-04  6.32746289e-04 -1.90095643e-05]
 [ 7.33588807e-05 -1.90095643e-05  4.04890163e-04]]
Iteration 18
Error: 0.00018104542269728994
[[ 5.34802446e-03 -1.67438564e-04  7.61870541e-05]
 [-1.67438564e-04  6.28924130e-04 -1.83921223e-05]
 [ 7.61870541e-05 -1.83921223e-05  4.00259365e-04]]
Iteration 19
Error: 0.00014795584206270991
[[ 5.23229704e-03 -1.77029390e-04  7.88920455e-05]
 [-1.77029390e-04  6.26496584e-04 -1.77225894e-05]
 [ 7.88920455e-05 -1.77225894e-05  3.96389187e-04]]
Iteration 20
Error: 0.00012196707500628393
[[ 5.13919608e-03 -1.85830650e-04  8.14875001e-05]
 [-1.85830650e-04  6.25119506e-04 -1.70115571e-05]
 [ 8.14875001e-05 -1.70115571e-05  3.93115639e-04]]
Iteration 21
Error: 0.00010135449687816103
[[ 5.06386188e-03 -1.93902435e-04  8.39848662e-05]
 [-1.93902435e-04  6.24526522e-04 -1.62687265e-05]
 [ 8.39848662e-05 -1.62687265e-05  3.90312295e-04]]
Iteration 22
Error: 8.486058546803448e-05
[[ 5.00258287e-03 -2.01295562e-04  8.63937458e-05]
 [-2.01295562e-04  6.24511399e-04 -1.55028896e-05]
 [ 8.63937458e-05 -1.55028896e-05  3.87881525e-04]]
Iteration 23
Error: 7.236160875337809e-05
[[ 4.95249683e-03 -2.08055424e-04  8.87221730e-05]
 [-2.08055424e-04  6.24914742e-04 -1.47219110e-05]
 [ 8.87221730e-05 -1.47219110e-05  3.85747843e-04]]
Iteration 24
Error: 6.213841450821977e-05
[[ 4.91137784e-03 -2.14224248e-04  9.09768403e-05]
 [-2.14224248e-04  6.25613795e-04 -1.39327255e-05]
 [ 9.09768403e-05 -1.39327255e-05  3.83852815e-04]]
Iteration 25
Error: 5.36899018071399e-05
[[ 4.87748211e-03 -2.19842322e-04  9.31632892e-05]
 [-2.19842322e-04  6.26514513e-04 -1.31413575e-05]
 [ 9.31632892e-05 -1.31413575e-05  3.82151150e-04]]
Iteration 26
Error: 4.665682669433646e-05
[[ 4.84943446e-03 -2.24948575e-04  9.52860759e-05]
 [-2.24948575e-04  6.27545359e-04 -1.23529591e-05]
 [ 9.52860759e-05 -1.23529591e-05  3.80607692e-04]]
Iteration 27
Error: 4.076232195601454e-05
[[ 4.82614404e-03 -2.29580762e-04  9.73489179e-05]
 [-2.29580762e-04  6.28652417e-04 -1.15718667e-05]
 [ 9.73489179e-05 -1.15718667e-05  3.79195096e-04]]
Iteration 28
Error: 3.579099400715334e-05
[[ 4.80674076e-03 -2.33775434e-04  9.93548271e-05]
 [-2.33775434e-04  6.29795520e-04 -1.08016677e-05]
 [ 9.93548271e-05 -1.08016677e-05  3.77892037e-04]]
Iteration 29
Error: 3.157378900930381e-05
[[ 4.79052717e-03 -2.37567799e-04  1.01306228e-04]
 [-2.37567799e-04  6.30945193e-04 -1.00452752e-05]
 [ 1.01306228e-04 -1.00452752e-05  3.76681829e-04]]
Iteration 30
Error: 2.7976913154870063e-05
[[ 4.77694150e-03 -2.40991554e-04  1.03205065e-04]
 [-2.40991554e-04  6.32080228e-04 -9.30500468e-06]
 [ 1.03205065e-04 -9.30500468e-06  3.75551354e-04]]
Iteration 31
Error: 2.4893638771745293e-05
[[ 4.76552921e-03 -2.44078718e-04  1.05052897e-04]
 [-2.44078718e-04  6.33185773e-04 -8.58264946e-06]
 [ 1.05052897e-04 -8.58264946e-06  3.74490247e-04]]
Iteration 32
Error: 2.2238188217579813e-05
[[ 4.75592098e-03 -2.46859501e-04  1.06850977e-04]
 [-2.46859501e-04  6.34251821e-04 -7.87955343e-06]
 [ 1.06850977e-04 -7.87955343e-06  3.73490256e-04]]
Iteration 33
Error: 1.9941129196545258e-05
[[ 4.74781543e-03 -2.49362214e-04  1.08600327e-04]
 [-2.49362214e-04  6.35272026e-04 -7.19667781e-06]
 [ 1.08600327e-04 -7.19667781e-06  3.72544761e-04]]
Iteration 34
Error: 1.7945879771352843e-05
[[ 4.74096564e-03 -2.51613217e-04  1.10301795e-04]
 [-2.51613217e-04  6.36242782e-04 -6.53466204e-06]
 [ 1.10301795e-04 -6.53466204e-06  3.71648400e-04]]
Iteration 35
Error: 1.620603509091024e-05
[[ 4.73516853e-03 -2.53636913e-04  1.11956105e-04]
 [-2.53636913e-04  6.37162499e-04 -5.89387790e-06]
 [ 1.11956105e-04 -5.89387790e-06  3.70796777e-04]]
Iteration 36
Error: 1.468330742569203e-05
[[ 4.73025641e-03 -2.55455775e-04  1.13563902e-04]
 [-2.55455775e-04  6.38031048e-04 -5.27447701e-06]
 [ 1.13563902e-04 -5.27447701e-06  3.69986249e-04]]
Iteration 37
Error: 1.3345927382056836e-05
[[ 4.72609036e-03 -2.57090398e-04  1.15125778e-04]
 [-2.57090398e-04  6.38849337e-04 -4.67643194e-06]
 [ 1.15125778e-04 -4.67643194e-06  3.69213755e-04]]
Iteration 38
Error: 1.216739437200069e-05
[[ 4.72255480e-03 -2.58559575e-04  1.16642305e-04]
 [-2.58559575e-04  6.39618980e-04 -4.09957131e-06]
 [ 1.16642305e-04 -4.09957131e-06  3.68476688e-04]]
Iteration 39
Error: 1.1125493387949257e-05
[[ 4.71955333e-03 -2.59880393e-04  1.18114049e-04]
 [-2.59880393e-04  6.40342059e-04 -3.54360964e-06]
 [ 1.18114049e-04 -3.54360964e-06  3.67772793e-04]]
Iteration 40
Error: 1.0201516182470735e-05
[[ 4.71700522e-03 -2.61068334e-04  1.19541591e-04]
 [-2.61068334e-04  6.41020931e-04 -3.00817227e-06]
 [ 1.19541591e-04 -3.00817227e-06  3.67100099e-04]]
Iteration 41
Error: 9.379640359201669e-06
[[ 4.71484268e-03 -2.62137381e-04  1.20925531e-04]
 [-2.62137381e-04  6.41658101e-04 -2.49281623e-06]
 [ 1.20925531e-04 -2.49281623e-06  3.66456856e-04]]
Iteration 42
Error: 8.646431233602631e-06
[[ 4.71300861e-03 -2.63100135e-04  1.22266499e-04]
 [-2.63100135e-04  6.42256119e-04 -1.99704744e-06]
 [ 1.22266499e-04 -1.99704744e-06  3.65841491e-04]]
Iteration 43
Error: 7.990439739948209e-06
[[ 4.71145479e-03 -2.63967920e-04  1.23565158e-04]
 [-2.63967920e-04  6.42817512e-04 -1.52033482e-06]
 [ 1.23565158e-04 -1.52033482e-06  3.65252580e-04]]
Iteration 44
Error: 7.4018759426907016e-06
[[ 4.71014038e-03 -2.64750895e-04  1.24822208e-04]
 [-2.64750895e-04  6.43344734e-04 -1.06212181e-06]
 [ 1.24822208e-04 -1.06212181e-06  3.64688816e-04]]
Iteration 45
Error: 6.8723424238141745e-06
[[ 4.70903070e-03 -2.65458156e-04  1.26038382e-04]
 [-2.65458156e-04  6.43840139e-04 -6.21835729e-07]
 [ 1.26038382e-04 -6.21835729e-07  3.64148992e-04]]
Iteration 46
Error: 6.394615372236559e-06
[[ 4.70809627e-03 -2.66097832e-04  1.27214447e-04]
 [-2.66097832e-04  6.44305953e-04 -1.98895229e-07]
 [ 1.27214447e-04 -1.98895229e-07  3.63631986e-04]]
Iteration 47
Error: 5.962463903118112e-06
[[ 4.70731194e-03 -2.66677184e-04  1.28351203e-04]
 [-2.66677184e-04  6.44744270e-04  2.07283668e-07]
 [ 1.28351203e-04  2.07283668e-07  3.63136750e-04]]
Iteration 48
Error: 5.570500189804978e-06
[[ 4.70665622e-03 -2.67202685e-04  1.29449479e-04]
 [-2.67202685e-04  6.45157046e-04  5.97282845e-07]
 [ 1.29449479e-04  5.97282845e-07  3.62662297e-04]]
Iteration 49
Error: 5.214054571985887e-06
[[ 4.70611073e-03 -2.67680100e-04  1.30510128e-04]
 [-2.67680100e-04  6.45546097e-04  9.71678354e-07]
 [ 1.30510128e-04  9.71678354e-07  3.62207700e-04]]
Iteration 50
Error: 4.889071018627326e-06
[[ 4.70565973e-03 -2.68114561e-04  1.31534026e-04]
 [-2.68114561e-04  6.45913107e-04  1.33103753e-06]
 [ 1.31534026e-04  1.33103753e-06  3.61772078e-04]]
Iteration 51
Error: 4.592019267191519e-06
[[ 4.70528969e-03 -2.68510634e-04  1.32522067e-04]
 [-2.68510634e-04  6.46259627e-04  1.67591679e-06]
 [ 1.32522067e-04  1.67591679e-06  3.61354600e-04]]
Iteration 52
Error: 4.31982069572722e-06
[[ 4.70498901e-03 -2.68872375e-04  1.33475159e-04]
 [-2.68872375e-04  6.46587090e-04  2.00685994e-06]
 [ 1.33475159e-04  2.00685994e-06  3.60954473e-04]]
Iteration 53
Error: 4.0697855579752775e-06
[[ 4.70474770e-03 -2.69203389e-04  1.34394220e-04]
 [-2.69203389e-04  6.46896812e-04  2.32439698e-06]
 [ 1.34394220e-04  2.32439698e-06  3.60570947e-04]]
Iteration 54
Error: 3.8395596643601184e-06
[[ 4.70455716e-03 -2.69506880e-04  1.35280175e-04]
 [-2.69506880e-04  6.47190002e-04  2.62904326e-06]
 [ 1.35280175e-04  2.62904326e-06  3.60203305e-04]]
Iteration 55
Error: 3.627078950062421e-06
[[ 4.70440998e-03 -2.69785689e-04  1.36133954e-04]
 [-2.69785689e-04  6.47467772e-04  2.92129884e-06]
 [ 1.36133954e-04  2.92129884e-06  3.59850864e-04]]
Iteration 56
Error: 3.430530655509667e-06
[[ 4.70429977e-03 -2.70042342e-04  1.36956483e-04]
 [-2.70042342e-04  6.47731143e-04  3.20164824e-06]
 [ 1.36956483e-04  3.20164824e-06  3.59512975e-04]]
Iteration 57
Error: 3.2483200719453857e-06
[[ 4.70422104e-03 -2.70279082e-04  1.37748691e-04]
 [-2.70279082e-04  6.47981053e-04  3.47056017e-06]
 [ 1.37748691e-04  3.47056017e-06  3.59189016e-04]]
Iteration 58
Error: 3.0790419877781544e-06
[[ 4.70416903e-03 -2.70497898e-04  1.38511497e-04]
 [-2.70497898e-04  6.48218364e-04  3.72848761e-06]
 [ 1.38511497e-04  3.72848761e-06  3.58878395e-04]]
Iteration 59
Error: 2.9214561187638875e-06
[[ 4.70413964e-03 -2.70700559e-04  1.39245815e-04]
 [-2.70700559e-04  6.48443868e-04  3.97586782e-06]
 [ 1.39245815e-04  3.97586782e-06  3.58580547e-04]]
Iteration 60
Error: 2.774465925320399e-06
[[ 4.70412934e-03 -2.70888636e-04  1.39952546e-04]
 [-2.70888636e-04  6.48658295e-04  4.21312257e-06]
 [ 1.39952546e-04  4.21312257e-06  3.58294932e-04]]
Iteration 61
Error: 2.648587396368693e-06
[[ 4.70413509e-03 -2.71063526e-04  1.40632582e-04]
 [-2.71063526e-04  6.48862317e-04  4.44065837e-06]
 [ 1.40632582e-04  4.44065837e-06  3.58021032e-04]]
Iteration 62
Error: 2.546806469336413e-06
[[ 4.70415424e-03 -2.71226470e-04  1.41286799e-04]
 [-2.71226470e-04  6.49056553e-04  4.65886677e-06]
 [ 1.41286799e-04  4.65886677e-06  3.57758357e-04]]
Iteration 63
Error: 2.448489904446157e-06
[[ 4.70418454e-03 -2.71378574e-04  1.41916061e-04]
 [-2.71378574e-04  6.49241576e-04  4.86812471e-06]
 [ 1.41916061e-04  4.86812471e-06  3.57506434e-04]]
Iteration 64
Error: 2.3535843942985704e-06
[[ 4.70422403e-03 -2.71520821e-04  1.42521211e-04]
 [-2.71520821e-04  6.49417914e-04  5.06879488e-06]
 [ 1.42521211e-04  5.06879488e-06  3.57264813e-04]]
Iteration 65
Error: 2.262025981040664e-06
[[ 4.70427103e-03 -2.71654088e-04  1.43103078e-04]
 [-2.71654088e-04  6.49586058e-04  5.26122612e-06]
 [ 1.43103078e-04  5.26122612e-06  3.57033063e-04]]
Iteration 66
Error: 2.173742569676834e-06
[[ 4.70432410e-03 -2.71779157e-04  1.43662472e-04]
 [-2.71779157e-04  6.49746462e-04  5.44575381e-06]
 [ 1.43662472e-04  5.44575381e-06  3.56810773e-04]]
Iteration 67
Error: 2.088655969934112e-06
[[ 4.70438199e-03 -2.71896726e-04  1.44200183e-04]
 [-2.71896726e-04  6.49899547e-04  5.62270029e-06]
 [ 1.44200183e-04  5.62270029e-06  3.56597549e-04]]
Iteration 68
Error: 2.006683559686543e-06
[[ 4.70444365e-03 -2.72007420e-04  1.44716982e-04]
 [-2.72007420e-04  6.50045706e-04  5.79237526e-06]
 [ 1.44716982e-04  5.79237526e-06  3.56393015e-04]]
Iteration 69
Error: 1.9277396367400895e-06
[[ 4.70450815e-03 -2.72111797e-04  1.45213621e-04]
 [-2.72111797e-04  6.50185304e-04  5.95507622e-06]
 [ 1.45213621e-04  5.95507622e-06  3.56196810e-04]]
Iteration 70
Error: 1.8517365186625052e-06
[[ 4.70457473e-03 -2.72210359e-04  1.45690828e-04]
 [-2.72210359e-04  6.50318681e-04  6.11108887e-06]
 [ 1.45690828e-04  6.11108887e-06  3.56008590e-04]]
Iteration 71
Error: 1.7785854363122099e-06
[[ 4.70464271e-03 -2.72303553e-04  1.46149316e-04]
 [-2.72303553e-04  6.50446155e-04  6.26068753e-06]
 [ 1.46149316e-04  6.26068753e-06  3.55828025e-04]]
Iteration 72
Error: 1.7081972583219064e-06
[[ 4.70471154e-03 -2.72391784e-04  1.46589772e-04]
 [-2.72391784e-04  6.50568023e-04  6.40413551e-06]
 [ 1.46589772e-04  6.40413551e-06  3.55654799e-04]]
Iteration 73
Error: 1.6404830763327906e-06
[[ 4.70478074e-03 -2.72475417e-04  1.47012866e-04]
 [-2.72475417e-04  6.50684565e-04  6.54168557e-06]
 [ 1.47012866e-04  6.54168557e-06  3.55488610e-04]]
Iteration 74
Error: 1.5753546768779307e-06
[[ 4.70484991e-03 -2.72554777e-04  1.47419246e-04]
 [-2.72554777e-04  6.50796041e-04  6.67358024e-06]
 [ 1.47419246e-04  6.67358024e-06  3.55329169e-04]]
Iteration 75
Error: 1.5127249190939269e-06
[[ 4.70491870e-03 -2.72630162e-04  1.47809540e-04]
 [-2.72630162e-04  6.50902698e-04  6.80005225e-06]
 [ 1.47809540e-04  6.80005225e-06  3.55176198e-04]]
Iteration 76
Error: 1.4525080347436502e-06
[[ 4.70498685e-03 -2.72701841e-04  1.48184357e-04]
 [-2.72701841e-04  6.51004764e-04  6.92132486e-06]
 [ 1.48184357e-04  6.92132486e-06  3.55029433e-04]]
Iteration 77
Error: 1.394619864326755e-06
[[ 4.70505410e-03 -2.72770056e-04  1.48544283e-04]
 [-2.72770056e-04  6.51102458e-04  7.03761227e-06]
 [ 1.48544283e-04  7.03761227e-06  3.54888620e-04]]
Iteration 78
Error: 1.3389780406026667e-06
[[ 4.70512028e-03 -2.72835028e-04  1.48889888e-04]
 [-2.72835028e-04  6.51195985e-04  7.14911992e-06]
 [ 1.48889888e-04  7.14911992e-06  3.54753515e-04]]
Iteration 79
Error: 1.2855021281140182e-06
[[ 4.70518522e-03 -2.72896959e-04  1.49221721e-04]
 [-2.72896959e-04  6.51285538e-04  7.25604483e-06]
 [ 1.49221721e-04  7.25604483e-06  3.54623885e-04]]
Iteration 80
Error: 1.2341137260642311e-06
[[ 4.70524880e-03 -2.72956033e-04  1.49540312e-04]
 [-2.72956033e-04  6.51371298e-04  7.35857599e-06]
 [ 1.49540312e-04  7.35857599e-06  3.54499507e-04]]
Iteration 81
Error: 1.1847365423037956e-06
[[ 4.70531093e-03 -2.73012419e-04  1.49846173e-04]
 [-2.73012419e-04  6.51453439e-04  7.45689460e-06]
 [ 1.49846173e-04  7.45689460e-06  3.54380166e-04]]
Iteration 82
Error: 1.1372964418409582e-06
[[ 4.70537152e-03 -2.73066270e-04  1.50139798e-04]
 [-2.73066270e-04  6.51532124e-04  7.55117443e-06]
 [ 1.50139798e-04  7.55117443e-06  3.54265658e-04]]
Iteration 83
Error: 1.0917214745354881e-06
[[ 4.70543052e-03 -2.73117728e-04  1.50421663e-04]
 [-2.73117728e-04  6.51607509e-04  7.64158208e-06]
 [ 1.50421663e-04  7.64158208e-06  3.54155786e-04]]
Iteration 84
Error: 1.0479418868691637e-06
[[ 4.70548789e-03 -2.73166924e-04  1.50692228e-04]
 [-2.73166924e-04  6.51679738e-04  7.72827731e-06]
 [ 1.50692228e-04  7.72827731e-06  3.54050361e-04]]
Iteration 85
Error: 1.0058901196820922e-06
[[ 4.70554362e-03 -2.73213980e-04  1.50951935e-04]
 [-2.73213980e-04  6.51748953e-04  7.81141326e-06]
 [ 1.50951935e-04  7.81141326e-06  3.53949203e-04]]
Iteration 86
Error: 9.655007937318264e-07
[[ 4.70559767e-03 -2.73259005e-04  1.51201211e-04]
 [-2.73259005e-04  6.51815285e-04  7.89113676e-06]
 [ 1.51201211e-04  7.89113676e-06  3.53852139e-04]]
Iteration 87
Error: 9.267106870977885e-07
[[ 4.70565005e-03 -2.73302105e-04  1.51440466e-04]
 [-2.73302105e-04  6.51878860e-04  7.96758860e-06]
 [ 1.51440466e-04  7.96758860e-06  3.53759002e-04]]
Iteration 88
Error: 8.894587043868364e-07
[[ 4.70570078e-03 -2.73343375e-04  1.51670096e-04]
 [-2.73343375e-04  6.51939797e-04  8.04090370e-06]
 [ 1.51670096e-04  8.04090370e-06  3.53669634e-04]]
Iteration 89
Error: 8.536858406479559e-07
[[ 4.70574985e-03 -2.73382906e-04  1.51890482e-04]
 [-2.73382906e-04  6.51998211e-04  8.11121143e-06]
 [ 1.51890482e-04  8.11121143e-06  3.53583881e-04]]
Iteration 90
Error: 8.193351397512577e-07
[[ 4.70579729e-03 -2.73420780e-04  1.52101989e-04]
 [-2.73420780e-04  6.52054210e-04  8.17863581e-06]
 [ 1.52101989e-04  8.17863581e-06  3.53501597e-04]]
Iteration 91
Error: 7.8635164974086e-07
[[ 4.70584312e-03 -2.73457077e-04  1.52304969e-04]
 [-2.73457077e-04  6.52107897e-04  8.24329570e-06]
 [ 1.52304969e-04  8.24329570e-06  3.53422642e-04]]
Iteration 92
Error: 7.546823747707834e-07
[[ 4.70588738e-03 -2.73491870e-04  1.52499763e-04]
 [-2.73491870e-04  6.52159371e-04  8.30530505e-06]
 [ 1.52499763e-04  8.30530505e-06  3.53346881e-04]]
Iteration 93
Error: 7.242762257521361e-07
[[ 4.70593009e-03 -2.73525227e-04  1.52686696e-04]
 [-2.73525227e-04  6.52208725e-04  8.36477311e-06]
 [ 1.52686696e-04  8.36477311e-06  3.53274185e-04]]
Iteration 94
Error: 6.950839682553794e-07
[[ 4.70597128e-03 -2.73557214e-04  1.52866082e-04]
 [-2.73557214e-04  6.52256049e-04  8.42180456e-06]
 [ 1.52866082e-04  8.42180456e-06  3.53204429e-04]]
Iteration 95
Error: 6.670581709126149e-07
[[ 4.70601100e-03 -2.73587892e-04  1.53038222e-04]
 [-2.73587892e-04  6.52301429e-04  8.47649979e-06]
 [ 1.53038222e-04  8.47649979e-06  3.53137495e-04]]
Iteration 96
Error: 6.401531524638798e-07
[[ 4.70604928e-03 -2.73617319e-04  1.53203405e-04]
 [-2.73617319e-04  6.52344947e-04  8.52895500e-06]
 [ 1.53203405e-04  8.52895500e-06  3.53073269e-04]]
Iteration 97
Error: 6.143249283464204e-07
[[ 4.70608616e-03 -2.73645549e-04  1.53361911e-04]
 [-2.73645549e-04  6.52386679e-04  8.57926240e-06]
 [ 1.53361911e-04  8.57926240e-06  3.53011641e-04]]
Iteration 98
Error: 5.895311582785313e-07
[[ 4.70612168e-03 -2.73672634e-04  1.53514006e-04]
 [-2.73672634e-04  6.52426702e-04  8.62751041e-06]
 [ 1.53514006e-04  8.62751041e-06  3.52952506e-04]]
Iteration 99
Error: 5.657310932235095e-07
[[ 4.70615587e-03 -2.73698622e-04  1.53659949e-04]
 [-2.73698622e-04  6.52465087e-04  8.67378377e-06]
 [ 1.53659949e-04  8.67378377e-06  3.52895764e-04]]
Iteration 100
Error: 5.428855241784757e-07
[[ 4.70618879e-03 -2.73723561e-04  1.53799985e-04]
 [-2.73723561e-04  6.52501901e-04  8.71816369e-06]
 [ 1.53799985e-04  8.71816369e-06  3.52841318e-04]]
Iteration 101
Error: 5.209567301634445e-07
[[ 4.70622046e-03 -2.73747495e-04  1.53934353e-04]
 [-2.73747495e-04  6.52537209e-04  8.76072806e-06]
 [ 1.53934353e-04  8.76072806e-06  3.52789074e-04]]
Iteration 102
Error: 4.999084282490672e-07
[[ 4.70625093e-03 -2.73770464e-04  1.54063280e-04]
 [-2.73770464e-04  6.52571075e-04  8.80155150e-06]
 [ 1.54063280e-04  8.80155150e-06  3.52738945e-04]]
Iteration 103
Error: 4.797057246489872e-07
[[ 4.70628024e-03 -2.73792511e-04  1.54186986e-04]
 [-2.73792511e-04  6.52603557e-04  8.84070558e-06]
 [ 1.54186986e-04  8.84070558e-06  3.52690844e-04]]
Iteration 104
Error: 4.603150649756677e-07
[[ 4.70630843e-03 -2.73813672e-04  1.54305680e-04]
 [-2.73813672e-04  6.52634714e-04  8.87825888e-06]
 [ 1.54305680e-04  8.87825888e-06  3.52644690e-04]]
Iteration 105
Error: 4.417041887550247e-07
[[ 4.70633553e-03 -2.73833984e-04  1.54419566e-04]
 [-2.73833984e-04  6.52664599e-04  8.91427715e-06]
 [ 1.54419566e-04  8.91427715e-06  3.52600404e-04]]
Iteration 106
Error: 4.2384208232970424e-07
[[ 4.70636159e-03 -2.73853482e-04  1.54528835e-04]
 [-2.73853482e-04  6.52693266e-04  8.94882344e-06]
 [ 1.54528835e-04  8.94882344e-06  3.52557910e-04]]
Iteration 107
Error: 4.0669893455508484e-07
[[ 4.70638663e-03 -2.73872199e-04  1.54633676e-04]
 [-2.73872199e-04  6.52720763e-04  8.98195817e-06]
 [ 1.54633676e-04  8.98195817e-06  3.52517136e-04]]
Iteration 108
Error: 3.902460926975655e-07
[[ 4.70641070e-03 -2.73890166e-04  1.54734266e-04]
 [-2.73890166e-04  6.52747140e-04  9.01373926e-06]
 [ 1.54734266e-04  9.01373926e-06  3.52478013e-04]]
Iteration 109
Error: 3.744560208592511e-07
[[ 4.70643383e-03 -2.73907414e-04  1.54830778e-04]
 [-2.73907414e-04  6.52772442e-04  9.04422227e-06]
 [ 1.54830778e-04  9.04422227e-06  3.52440474e-04]]
Iteration 110
Error: 3.593022583242972e-07
[[ 4.70645605e-03 -2.73923972e-04  1.54923375e-04]
 [-2.73923972e-04  6.52796714e-04  9.07346042e-06]
 [ 1.54923375e-04  9.07346042e-06  3.52404455e-04]]
Iteration 111
Error: 3.44759379757293e-07
[[ 4.70647740e-03 -2.73939868e-04  1.55012217e-04]
 [-2.73939868e-04  6.52819997e-04  9.10150477e-06]
 [ 1.55012217e-04  9.10150477e-06  3.52369894e-04]]
Iteration 112
Error: 3.308029569088778e-07
[[ 4.70649791e-03 -2.73955128e-04  1.55097456e-04]
 [-2.73955128e-04  6.52842332e-04  9.12840426e-06]
 [ 1.55097456e-04  9.12840426e-06  3.52336733e-04]]
Iteration 113
Error: 3.1740952153516965e-07
[[ 4.70651762e-03 -2.73969778e-04  1.55179236e-04]
 [-2.73969778e-04  6.52863758e-04  9.15420579e-06]
 [ 1.55179236e-04  9.15420579e-06  3.52304915e-04]]
Iteration 114
Error: 3.045565284471761e-07
[[ 4.70653654e-03 -2.73983841e-04  1.55257698e-04]
 [-2.73983841e-04  6.52884312e-04  9.17895437e-06]
 [ 1.55257698e-04  9.17895437e-06  3.52274385e-04]]
Iteration 115
Error: 2.922223212744102e-07
[[ 4.70655471e-03 -2.73997343e-04  1.55332977e-04]
 [-2.73997343e-04  6.52904030e-04  9.20269311e-06]
 [ 1.55332977e-04  9.20269311e-06  3.52245092e-04]]
Iteration 116
Error: 2.803860985578602e-07
[[ 4.70657217e-03 -2.74010304e-04  1.55405200e-04]
 [-2.74010304e-04  6.52922946e-04  9.22546338e-06]
 [ 1.55405200e-04  9.22546338e-06  3.52216986e-04]]
Iteration 117
Error: 2.690278812263231e-07
[[ 4.70658893e-03 -2.74022747e-04  1.55474493e-04]
 [-2.74022747e-04  6.52941093e-04  9.24730481e-06]
 [ 1.55474493e-04  9.24730481e-06  3.52190018e-04]]
Iteration 118
Error: 2.581284806493169e-07
[[ 4.70660502e-03 -2.74034692e-04  1.55540973e-04]
 [-2.74034692e-04  6.52958501e-04  9.26825543e-06]
 [ 1.55540973e-04  9.26825543e-06  3.52164143e-04]]
Iteration 119
Error: 2.47669469294135e-07
[[ 4.70662047e-03 -2.74046159e-04  1.55604754e-04]
 [-2.74046159e-04  6.52975201e-04  9.28835169e-06]
 [ 1.55604754e-04  9.28835169e-06  3.52139316e-04]]
Iteration 120
Error: 2.3763315036193404e-07
[[ 4.70663531e-03 -2.74057167e-04  1.55665947e-04]
 [-2.74057167e-04  6.52991223e-04  9.30762854e-06]
 [ 1.55665947e-04  9.30762854e-06  3.52115496e-04]]
Iteration 121
Error: 2.2800253023615093e-07
[[ 4.70664955e-03 -2.74067734e-04  1.55724655e-04]
 [-2.74067734e-04  6.53006593e-04  9.32611949e-06]
 [ 1.55724655e-04  9.32611949e-06  3.52092640e-04]]
Iteration 122
Error: 2.187612910886274e-07
[[ 4.70666323e-03 -2.74077878e-04  1.55780980e-04]
 [-2.74077878e-04  6.53021338e-04  9.34385668e-06]
 [ 1.55780980e-04  9.34385668e-06  3.52070711e-04]]
Iteration 123
Error: 2.0989376444880732e-07
[[ 4.70667636e-03 -2.74087616e-04  1.55835018e-04]
 [-2.74087616e-04  6.53035484e-04  9.36087093e-06]
 [ 1.55835018e-04  9.36087093e-06  3.52049671e-04]]
Iteration 124
Error: 2.0138490654217264e-07
[[ 4.70668896e-03 -2.74096964e-04  1.55886862e-04]
 [-2.74096964e-04  6.53049055e-04  9.37719178e-06]
 [ 1.55886862e-04  9.37719178e-06  3.52029483e-04]]
Iteration 125
Error: 1.9322027277434816e-07
[[ 4.70670105e-03 -2.74105937e-04  1.55936601e-04]
 [-2.74105937e-04  6.53062075e-04  9.39284757e-06]
 [ 1.55936601e-04  9.39284757e-06  3.52010114e-04]]
Iteration 126
Error: 1.8538599591225456e-07
[[ 4.70671266e-03 -2.74114550e-04  1.55984321e-04]
 [-2.74114550e-04  6.53074565e-04  9.40786548e-06]
 [ 1.55984321e-04  9.40786548e-06  3.51991530e-04]]
Iteration 127
Error: 1.778687619478774e-07
[[ 4.70672381e-03 -2.74122818e-04  1.56030102e-04]
 [-2.74122818e-04  6.53086548e-04  9.42227155e-06]
 [ 1.56030102e-04  9.42227155e-06  3.51973699e-04]]
Iteration 128
Error: 1.7065578950411117e-07
[[ 4.70673451e-03 -2.74130754e-04  1.56074025e-04]
 [-2.74130754e-04  6.53098044e-04  9.43609077e-06]
 [ 1.56074025e-04  9.43609077e-06  3.51956591e-04]]
Iteration 129
Error: 1.6373480828183314e-07
[[ 4.70674477e-03 -2.74138371e-04  1.56116163e-04]
 [-2.74138371e-04  6.53109073e-04  9.44934712e-06]
 [ 1.56116163e-04  9.44934712e-06  3.51940177e-04]]
Iteration 130
Error: 1.5709403924725381e-07
[[ 4.70675463e-03 -2.74145683e-04  1.56156591e-04]
 [-2.74145683e-04  6.53119653e-04  9.46206356e-06]
 [ 1.56156591e-04  9.46206356e-06  3.51924429e-04]]
Iteration 131
Error: 1.5072217507108022e-07
[[ 4.70676408e-03 -2.74152701e-04  1.56195376e-04]
 [-2.74152701e-04  6.53129804e-04  9.47426215e-06]
 [ 1.56195376e-04  9.47426215e-06  3.51909319e-04]]
Iteration 132
Error: 1.4460836171006222e-07
[[ 4.70677316e-03 -2.74159437e-04  1.56232586e-04]
 [-2.74159437e-04  6.53139542e-04  9.48596400e-06]
 [ 1.56232586e-04  9.48596400e-06  3.51894822e-04]]
Iteration 133
Error: 1.3874218048339932e-07
[[ 4.70678187e-03 -2.74165902e-04  1.56268286e-04]
 [-2.74165902e-04  6.53148885e-04  9.49718939e-06]
 [ 1.56268286e-04  9.49718939e-06  3.51880913e-04]]
Iteration 134
Error: 1.331136306236993e-07
[[ 4.70679023e-03 -2.74172108e-04  1.56302535e-04]
 [-2.74172108e-04  6.53157848e-04  9.50795776e-06]
 [ 1.56302535e-04  9.50795776e-06  3.51867568e-04]]
Iteration 135
Error: 1.2771311311446812e-07
[[ 4.70679825e-03 -2.74178064e-04  1.56335393e-04]
 [-2.74178064e-04  6.53166447e-04  9.51828775e-06]
 [ 1.56335393e-04  9.51828775e-06  3.51854765e-04]]
Iteration 136
Error: 1.2253141404681373e-07
[[ 4.70680595e-03 -2.74183780e-04  1.56366916e-04]
 [-2.74183780e-04  6.53174697e-04  9.52819724e-06]
 [ 1.56366916e-04  9.52819724e-06  3.51842480e-04]]
Iteration 137
Error: 1.1755969035854189e-07
[[ 4.70681334e-03 -2.74189266e-04  1.56397159e-04]
 [-2.74189266e-04  6.53182612e-04  9.53770338e-06]
 [ 1.56397159e-04  9.53770338e-06  3.51830694e-04]]
Iteration 138
Error: 1.1278945418991164e-07
[[ 4.70682043e-03 -2.74194532e-04  1.56426174e-04]
 [-2.74194532e-04  6.53190205e-04  9.54682261e-06]
 [ 1.56426174e-04  9.54682261e-06  3.51819386e-04]]
Iteration 139
Error: 1.0821255917223526e-07
[[ 4.70682723e-03 -2.74199585e-04  1.56454010e-04]
 [-2.74199585e-04  6.53197489e-04  9.55557072e-06]
 [ 1.56454010e-04  9.55557072e-06  3.51808537e-04]]
Iteration 140
Error: 1.0382118670806888e-07
[[ 4.70683376e-03 -2.74204435e-04  1.56480715e-04]
 [-2.74204435e-04  6.53204478e-04  9.56396282e-06]
 [ 1.56480715e-04  9.56396282e-06  3.51798128e-04]]
Iteration 141
Error: 9.960783308604225e-08
[[ 4.70684003e-03 -2.74209090e-04  1.56506336e-04]
 [-2.74209090e-04  6.53211183e-04  9.57201343e-06]
 [ 1.56506336e-04  9.57201343e-06  3.51788142e-04]]
Iteration 142
Error: 9.55652965850125e-08
[[ 4.70684604e-03 -2.74213557e-04  1.56530915e-04]
 [-2.74213557e-04  6.53217615e-04  9.57973646e-06]
 [ 1.56530915e-04  9.57973646e-06  3.51778561e-04]]
Iteration 143
Error: 9.168666586128991e-08
[[ 4.70685181e-03 -2.74217844e-04  1.56554497e-04]
 [-2.74217844e-04  6.53223786e-04  9.58714526e-06]
 [ 1.56554497e-04  9.58714526e-06  3.51769368e-04]]
Iteration 144
Error: 8.796530792334499e-08
[[ 4.70685734e-03 -2.74221958e-04  1.56577120e-04]
 [-2.74221958e-04  6.53229707e-04  9.59425264e-06]
 [ 1.56577120e-04  9.59425264e-06  3.51760548e-04]]
Iteration 145
Error: 8.439485725136197e-08
[[ 4.70686265e-03 -2.74225906e-04  1.56598825e-04]
 [-2.74225906e-04  6.53235387e-04  9.60107087e-06]
 [ 1.56598825e-04  9.60107087e-06  3.51752087e-04]]
Iteration 146
Error: 8.096920500334212e-08
[[ 4.70686775e-03 -2.74229695e-04  1.56619648e-04]
 [-2.74229695e-04  6.53240836e-04  9.60761173e-06]
 [ 1.56619648e-04  9.60761173e-06  3.51743968e-04]]
Iteration 147
Error: 7.768248883574636e-08
[[ 4.70687264e-03 -2.74233331e-04  1.56639624e-04]
 [-2.74233331e-04  6.53246064e-04  9.61388653e-06]
 [ 1.56639624e-04  9.61388653e-06  3.51736180e-04]]
Iteration 148
Error: 7.452908288545026e-08
[[ 4.70687733e-03 -2.74236820e-04  1.56658790e-04]
 [-2.74236820e-04  6.53251080e-04  9.61990609e-06]
 [ 1.56658790e-04  9.61990609e-06  3.51728707e-04]]
Iteration 149
Error: 7.150358835945195e-08
[[ 4.70688184e-03 -2.74240169e-04  1.56677177e-04]
 [-2.74240169e-04  6.53255892e-04  9.62568081e-06]
 [ 1.56677177e-04  9.62568081e-06  3.51721538e-04]]
Iteration 150
Error: 6.860082467203773e-08
[[ 4.70688616e-03 -2.74243382e-04  1.56694817e-04]
 [-2.74243382e-04  6.53260508e-04  9.63122066e-06]
 [ 1.56694817e-04  9.63122066e-06  3.51714659e-04]]
Iteration 151
Error: 6.581582001545546e-08
[[ 4.70689030e-03 -2.74246465e-04  1.56711740e-04]
 [-2.74246465e-04  6.53264937e-04  9.63653521e-06]
 [ 1.56711740e-04  9.63653521e-06  3.51708060e-04]]
Iteration 152
Error: 6.314380372986209e-08
[[ 4.70689428e-03 -2.74249424e-04  1.56727976e-04]
 [-2.74249424e-04  6.53269186e-04  9.64163362e-06]
 [ 1.56727976e-04  9.64163362e-06  3.51701729e-04]]
Iteration 153
Error: 6.058019782121364e-08
[[ 4.70689809e-03 -2.74252264e-04  1.56743552e-04]
 [-2.74252264e-04  6.53273262e-04  9.64652469e-06]
 [ 1.56743552e-04  9.64652469e-06  3.51695654e-04]]
Iteration 154
Error: 5.8120609469678955e-08
[[ 4.70690176e-03 -2.74254988e-04  1.56758496e-04]
 [-2.74254988e-04  6.53277173e-04  9.65121687e-06]
 [ 1.56758496e-04  9.65121687e-06  3.51689827e-04]]
Iteration 155
Error: 5.57608230103349e-08
[[ 4.70690527e-03 -2.74257603e-04  1.56772832e-04]
 [-2.74257603e-04  6.53280925e-04  9.65571824e-06]
 [ 1.56772832e-04  9.65571824e-06  3.51684236e-04]]
Iteration 156
Error: 5.349679367854974e-08
[[ 4.70690864e-03 -2.74260111e-04  1.56786586e-04]
 [-2.74260111e-04  6.53284525e-04  9.66003658e-06]
 [ 1.56786586e-04  9.66003658e-06  3.51678871e-04]]
Iteration 157
Error: 5.1324640019175406e-08
[[ 4.70691187e-03 -2.74262519e-04  1.56799781e-04]
 [-2.74262519e-04  6.53287978e-04  9.66417934e-06]
 [ 1.56799781e-04  9.66417934e-06  3.51673725e-04]]
Iteration 158
Error: 4.924063761715521e-08
[[ 4.70691498e-03 -2.74264829e-04  1.56812441e-04]
 [-2.74264829e-04  6.53291291e-04  9.66815365e-06]
 [ 1.56812441e-04  9.66815365e-06  3.51668787e-04]]
Iteration 159
Error: 4.724121263602449e-08
[[ 4.70691795e-03 -2.74267045e-04  1.56824586e-04]
 [-2.74267045e-04  6.53294469e-04  9.67196637e-06]
 [ 1.56824586e-04  9.67196637e-06  3.51664050e-04]]
Iteration 160
Error: 4.532293604698364e-08
[[ 4.70692081e-03 -2.74269172e-04  1.56836237e-04]
 [-2.74269172e-04  6.53297519e-04  9.67562408e-06]
 [ 1.56836237e-04  9.67562408e-06  3.51659506e-04]]
Iteration 161
Error: 4.348251731671376e-08
[[ 4.70692355e-03 -2.74271213e-04  1.56847415e-04]
 [-2.74271213e-04  6.53300444e-04  9.67913309e-06]
 [ 1.56847415e-04  9.67913309e-06  3.51655146e-04]]
Iteration 162
Error: 4.1716799360476484e-08
[[ 4.70692618e-03 -2.74273171e-04  1.56858139e-04]
 [-2.74273171e-04  6.53303251e-04  9.68249944e-06]
 [ 1.56858139e-04  9.68249944e-06  3.51650962e-04]]
Iteration 163
Error: 4.0022752589322314e-08
[[ 4.70692870e-03 -2.74275050e-04  1.56868428e-04]
 [-2.74275050e-04  6.53305944e-04  9.68572894e-06]
 [ 1.56868428e-04  9.68572894e-06  3.51646949e-04]]
Iteration 164
Error: 3.839747044646075e-08
[[ 4.70693113e-03 -2.74276853e-04  1.56878298e-04]
 [-2.74276853e-04  6.53308527e-04  9.68882715e-06]
 [ 1.56878298e-04  9.68882715e-06  3.51643099e-04]]
Iteration 165
Error: 3.683816365729911e-08
[[ 4.70693345e-03 -2.74278583e-04  1.56887768e-04]
 [-2.74278583e-04  6.53311005e-04  9.69179942e-06]
 [ 1.56887768e-04  9.69179942e-06  3.51639405e-04]]
Iteration 166
Error: 3.534215626223498e-08
[[ 4.70693568e-03 -2.74280243e-04  1.56896853e-04]
 [-2.74280243e-04  6.53313383e-04  9.69465087e-06]
 [ 1.56896853e-04  9.69465087e-06  3.51635861e-04]]
Iteration 167
Error: 3.3906880488976214e-08
[[ 4.70693781e-03 -2.74281835e-04  1.56905568e-04]
 [-2.74281835e-04  6.53315664e-04  9.69738640e-06]
 [ 1.56905568e-04  9.69738640e-06  3.51632461e-04]]
Iteration 168
Error: 3.252987250335277e-08
[[ 4.70693987e-03 -2.74283363e-04  1.56913930e-04]
 [-2.74283363e-04  6.53317853e-04  9.70001075e-06]
 [ 1.56913930e-04  9.70001075e-06  3.51629199e-04]]
Iteration 169
Error: 3.120876862627441e-08
[[ 4.70694183e-03 -2.74284830e-04  1.56921952e-04]
 [-2.74284830e-04  6.53319952e-04  9.70252842e-06]
 [ 1.56921952e-04  9.70252842e-06  3.51626069e-04]]
Iteration 170
Error: 2.9941300404422465e-08
[[ 4.70694372e-03 -2.74286236e-04  1.56929648e-04]
 [-2.74286236e-04  6.53321966e-04  9.70494375e-06]
 [ 1.56929648e-04  9.70494375e-06  3.51623067e-04]]
Iteration 171
Error: 2.8725291882356535e-08
[[ 4.70694553e-03 -2.74287586e-04  1.56937031e-04]
 [-2.74287586e-04  6.53323899e-04  9.70726092e-06]
 [ 1.56937031e-04  9.70726092e-06  3.51620186e-04]]
Iteration 172
Error: 2.755865486752236e-08
[[ 4.70694727e-03 -2.74288881e-04  1.56944115e-04]
 [-2.74288881e-04  6.53325753e-04  9.70948390e-06]
 [ 1.56944115e-04  9.70948390e-06  3.51617422e-04]]
Iteration 173
Error: 2.6439385999633036e-08
[[ 4.70694894e-03 -2.74290124e-04  1.56950911e-04]
 [-2.74290124e-04  6.53327531e-04  9.71161654e-06]
 [ 1.56950911e-04  9.71161654e-06  3.51614771e-04]]
Iteration 174
Error: 2.536556306720393e-08
[[ 4.70695054e-03 -2.74291316e-04  1.56957430e-04]
 [-2.74291316e-04  6.53329238e-04  9.71366250e-06]
 [ 1.56957430e-04  9.71366250e-06  3.51612227e-04]]
Iteration 175
Error: 2.433534174391442e-08
[[ 4.70695207e-03 -2.74292460e-04  1.56963685e-04]
 [-2.74292460e-04  6.53330875e-04  9.71562530e-06]
 [ 1.56963685e-04  9.71562530e-06  3.51609787e-04]]
Iteration 176
Error: 2.3346952555833517e-08
[[ 4.70695355e-03 -2.74293558e-04  1.56969686e-04]
 [-2.74293558e-04  6.53332445e-04  9.71750834e-06]
 [ 1.56969686e-04  9.71750834e-06  3.51607446e-04]]
Iteration 177
Error: 2.239869778911265e-08
[[ 4.70695496e-03 -2.74294611e-04  1.56975442e-04]
 [-2.74294611e-04  6.53333952e-04  9.71931484e-06]
 [ 1.56975442e-04  9.71931484e-06  3.51605200e-04]]
Iteration 178
Error: 2.14889483918068e-08
[[ 4.70695631e-03 -2.74295621e-04  1.56980965e-04]
 [-2.74295621e-04  6.53335398e-04  9.72104793e-06]
 [ 1.56980965e-04  9.72104793e-06  3.51603045e-04]]
Iteration 179
Error: 2.061614157107243e-08
[[ 4.70695761e-03 -2.74296591e-04  1.56986264e-04]
 [-2.74296591e-04  6.53336785e-04  9.72271058e-06]
 [ 1.56986264e-04  9.72271058e-06  3.51600977e-04]]
Iteration 180
Error: 1.9778777635564177e-08
[[ 4.70695886e-03 -2.74297521e-04  1.56991347e-04]
 [-2.74297521e-04  6.53338115e-04  9.72430567e-06]
 [ 1.56991347e-04  9.72430567e-06  3.51598994e-04]]
Iteration 181
Error: 1.8975418178891377e-08
[[ 4.70696006e-03 -2.74298413e-04  1.56996224e-04]
 [-2.74298413e-04  6.53339392e-04  9.72583594e-06]
 [ 1.56996224e-04  9.72583594e-06  3.51597091e-04]]
Iteration 182
Error: 1.8204682711130674e-08
[[ 4.70696121e-03 -2.74299270e-04  1.57000903e-04]
 [-2.74299270e-04  6.53340616e-04  9.72730401e-06]
 [ 1.57000903e-04  9.72730401e-06  3.51595265e-04]]
Iteration 183
Error: 1.7465246774242083e-08
[[ 4.70696231e-03 -2.74300091e-04  1.57005392e-04]
 [-2.74300091e-04  6.53341791e-04  9.72871243e-06]
 [ 1.57005392e-04  9.72871243e-06  3.51593514e-04]]
Iteration 184
Error: 1.6755840049665244e-08
[[ 4.70696337e-03 -2.74300879e-04  1.57009698e-04]
 [-2.74300879e-04  6.53342918e-04  9.73006362e-06]
 [ 1.57009698e-04  9.73006362e-06  3.51591833e-04]]
Iteration 185
Error: 1.607524313971959e-08
[[ 4.70696438e-03 -2.74301635e-04  1.57013829e-04]
 [-2.74301635e-04  6.53343999e-04  9.73135989e-06]
 [ 1.57013829e-04  9.73135989e-06  3.51590221e-04]]
Iteration 186
Error: 1.542228662884451e-08
[[ 4.70696535e-03 -2.74302361e-04  1.57017793e-04]
 [-2.74302361e-04  6.53345037e-04  9.73260349e-06]
 [ 1.57017793e-04  9.73260349e-06  3.51588675e-04]]
Iteration 187
Error: 1.4795848281963319e-08
[[ 4.70696629e-03 -2.74303057e-04  1.57021595e-04]
 [-2.74303057e-04  6.53346032e-04  9.73379656e-06]
 [ 1.57021595e-04  9.73379656e-06  3.51587191e-04]]
Iteration 188
Error: 1.4194851458512346e-08
[[ 4.70696718e-03 -2.74303725e-04  1.57025243e-04]
 [-2.74303725e-04  6.53346987e-04  9.73494115e-06]
 [ 1.57025243e-04  9.73494115e-06  3.51585767e-04]]
Iteration 189
Error: 1.3618263239064922e-08
[[ 4.70696804e-03 -2.74304366e-04  1.57028743e-04]
 [-2.74304366e-04  6.53347903e-04  9.73603922e-06]
 [ 1.57028743e-04  9.73603922e-06  3.51584402e-04]]
Iteration 190
Error: 1.3065092469905008e-08
[[ 4.70696887e-03 -2.74304980e-04  1.57032101e-04]
 [-2.74304980e-04  6.53348782e-04  9.73709268e-06]
 [ 1.57032101e-04  9.73709268e-06  3.51583091e-04]]
Iteration 191
Error: 1.2534388491529093e-08
[[ 4.70696966e-03 -2.74305570e-04  1.57035322e-04]
 [-2.74305570e-04  6.53349625e-04  9.73810333e-06]
 [ 1.57035322e-04  9.73810333e-06  3.51581834e-04]]
Iteration 192
Error: 1.202523885235858e-08
[[ 4.70697042e-03 -2.74306136e-04  1.57038412e-04]
 [-2.74306136e-04  6.53350434e-04  9.73907291e-06]
 [ 1.57038412e-04  9.73907291e-06  3.51580628e-04]]
Iteration 193
Error: 1.1536768612471933e-08
[[ 4.70697114e-03 -2.74306679e-04  1.57041377e-04]
 [-2.74306679e-04  6.53351210e-04  9.74000310e-06]
 [ 1.57041377e-04  9.74000310e-06  3.51579472e-04]]
Iteration 194
Error: 1.1068137909269247e-08
[[ 4.70697184e-03 -2.74307200e-04  1.57044221e-04]
 [-2.74307200e-04  6.53351954e-04  9.74089548e-06]
 [ 1.57044221e-04  9.74089548e-06  3.51578362e-04]]
Iteration 195
Error: 1.0618541059292068e-08
[[ 4.70697251e-03 -2.74307700e-04  1.57046950e-04]
 [-2.74307700e-04  6.53352669e-04  9.74175161e-06]
 [ 1.57046950e-04  9.74175161e-06  3.51577297e-04]]
Iteration 196
Error: 1.0187205259684618e-08
[[ 4.70697316e-03 -2.74308179e-04  1.57049568e-04]
 [-2.74308179e-04  6.53353354e-04  9.74257296e-06]
 [ 1.57049568e-04  9.74257296e-06  3.51576275e-04]]
Convergence reached in 197 iterations
[[ 4.70697377e-03 -2.74308639e-04  1.57052080e-04]
 [-2.74308639e-04  6.53354011e-04  9.74336092e-06]
 [ 1.57052080e-04  9.74336092e-06  3.51575295e-04]]

Abamson correction active
Local covariance matrices saved in nb_70.cov.npy
Local coefficients
[0.71135171 0.91142801 2.23354267 1.05286313 0.84387908 0.5723305
 0.61753271 1.45949836 0.68980896 0.61018471 0.60480507 0.61326112
 1.25519236 2.39079457 0.91841189 0.66679733 0.6152064  0.85068648
 1.5235874  0.80605137 0.94264922 0.99182807 0.62192287 0.69560628
 0.77846427 0.84788984 0.92585356 0.79414475 0.94296158 1.83064569
 0.94302673 0.69445618 1.05891962 0.79148051 0.59373594 1.43270078
 1.19649586 0.6010326  1.80264507 2.15494587 0.82249572 0.81873604
 0.8816426  2.23428689 0.86762946 1.22877523 0.81830766 0.70912007
 0.85619125 0.66183665 0.97730507 1.66906184 0.75190915 1.06008631
 1.03000909 0.71115979 0.98209352 0.78052956 0.5960551  0.62136913
 0.60962509 1.04287874 0.63366763 0.97751051 0.8666116  0.61797579
 1.00360216 2.37987862 0.8528987  3.29884714 1.17497401 0.85963093
 0.82222514 1.05046857 1.01821073 0.84659364 0.91229147 0.87902732
 0.98483287 0.64813068 2.12598173 0.88083461 0.79775048 0.90809898
